ax	ay	az
-0.012097	0.003498	-0.009434
-0.011847	0.003338	-0.023670
-0.012214	0.003264	-0.018819
-0.011369	0.003301	-0.018749
-0.012039	0.003393	-0.013911
-0.011490	0.003189	-0.018603
-0.011845	0.003360	-0.018526
-0.011343	0.003078	-0.018448
-0.011676	0.003300	-0.013616
-0.011430	0.003157	-0.023074
-0.011509	0.003126	-0.013462
-0.010999	0.003212	-0.022922
-0.011310	0.003035	-0.013304
-0.011421	0.003221	-0.018024
-0.010800	0.003047	-0.022691
-0.011619	0.002960	-0.008330
-0.010669	0.003041	-0.027310
-0.010751	0.003129	-0.008171
-0.011135	0.002904	-0.027184
-0.010364	0.003039	-0.008015
-0.011234	0.002949	-0.022260
-0.010708	0.002887	-0.017401
-0.010204	0.002882	-0.022108
-0.011239	0.002948	-0.012517
-0.010074	0.002881	-0.012396
-0.010359	0.002772	-0.026666
-0.010520	0.002951	-0.012279
-0.010247	0.002699	-0.021722
-0.010338	0.002830	-0.012140
-0.010120	0.002766	-0.016790
-0.009887	0.002759	-0.021512
-0.010527	0.002669	-0.016703
-0.009767	0.002819	-0.016560
-0.010141	0.002547	-0.011762
-0.009735	0.002768	-0.025993
-0.009829	0.002744	-0.016375
-0.009992	0.002407	-0.011520
-0.009116	0.002710	-0.020986
-0.010279	0.002637	-0.016166
-0.009036	0.002615	-0.020829
-0.009709	0.002375	-0.011224
-0.009616	0.002750	-0.020705
-0.009171	0.002395	-0.015871
-0.009431	0.002449	-0.020512
-0.009249	0.002556	-0.010967
-0.008956	0.002385	-0.020374
-0.009847	0.002500	-0.020355
-0.008544	0.002406	-0.010706
-0.009135	0.002260	-0.020131
-0.009107	0.002621	-0.015388
-0.008517	0.002214	-0.024754
-0.008879	0.002429	-0.010421
-0.009266	0.002253	-0.010406
-0.008236	0.002272	-0.029286
-0.008835	0.002317	-0.010197
-0.008611	0.002292	-0.014911
-0.008769	0.002404	-0.024376
-0.007993	0.002002	-0.014692
-0.008762	0.002301	-0.009885
-0.008317	0.002139	-0.024193
-0.008015	0.002224	-0.014509
-0.008138	0.002193	-0.019144
-0.008680	0.002084	-0.014485
-0.007978	0.002289	-0.018970
-0.007894	0.001900	-0.014273
-0.007961	0.002155	-0.018914
-0.008051	0.002086	-0.014099
-0.007724	0.002095	-0.018725
-0.008154	0.001948	-0.013973
-0.007333	0.002072	-0.023394
-0.007771	0.002070	-0.008998
-0.007871	0.001825	-0.023296
-0.007233	0.002007	-0.013572
-0.007620	0.001951	-0.013616
-0.007722	0.002088	-0.023035
-0.007048	0.001691	-0.008587
-0.007569	0.002033	-0.022945
-0.006876	0.001813	-0.013219
-0.007352	0.001824	-0.022760
-0.007552	0.001790	-0.013167
-0.006872	0.001803	-0.017792
-0.007015	0.001996	-0.012996
-0.006653	0.001990	-0.017653
-0.007097	0.001421	-0.017608
-0.006713	0.001862	-0.017511
-0.007164	0.001580	-0.012739
-0.006412	0.002000	-0.022084
-0.006850	0.001707	-0.012598
-0.006162	0.001366	-0.017209
-0.007304	0.002050	-0.012510
-0.005892	0.001547	-0.026478
-0.006908	0.001503	-0.007579
-0.005927	0.001858	-0.021692
-0.006319	0.001070	-0.016852
-0.006326	0.002138	-0.012064
-0.006360	0.001347	-0.016775
-0.005963	0.001646	-0.021425
-0.006155	0.001727	-0.011789
-0.006057	0.001235	-0.016492
-0.005604	0.001789	-0.021197
-0.006125	0.001133	-0.011680
-0.005838	0.001415	-0.016278
-0.005962	0.001678	-0.020977
-0.005528	0.001583	-0.011460
-0.005642	0.001372	-0.020788
-0.005342	0.001237	-0.011215
-0.005802	0.001631	-0.020843
-0.005671	0.001415	-0.011017
-0.005210	0.000870	-0.020531
-0.005330	0.001970	-0.015887
-0.005371	0.000731	-0.015531
-0.004912	0.001978	-0.020377
-0.005585	0.000794	-0.010786
-0.005165	0.001321	-0.015311
-0.004983	0.001529	-0.015610
-0.004874	0.001171	-0.024720
-0.004631	0.001307	-0.010414
-0.005493	0.000796	-0.015251
-0.004613	0.001603	-0.019828
-0.004766	0.001210	-0.010188
-0.004193	0.001164	-0.024435
-0.005133	0.001039	-0.015076
-0.004766	0.001148	-0.010032
-0.004327	0.001225	-0.019476
-0.004228	0.000829	-0.019306
-0.004645	0.001410	-0.009879
-0.004580	0.001045	-0.019397
-0.003977	0.001234	-0.019151
-0.004528	0.000862	-0.009806
-0.003672	0.000570	-0.023612
-0.004625	0.001708	-0.009609
-0.004024	0.000790	-0.018974
-0.003542	0.000974	-0.014146
-0.004519	0.000787	-0.014043
-0.003225	0.001153	-0.023404
-0.004356	0.001361	-0.013923
-0.004002	0.000235	-0.013897
-0.003111	0.001228	-0.013721
-0.003832	0.000890	-0.018422
-0.003481	0.000523	-0.018484
-0.003522	0.001573	-0.018223
-0.003997	0.000329	-0.008982
-0.002975	0.001316	-0.017942
-0.003105	0.000203	-0.022880
-0.003751	0.001164	-0.008685
-0.002998	0.000939	-0.017954
-0.003847	0.000299	-0.013205
-0.002113	0.001120	-0.022391
-0.003556	0.000725	-0.013248
-0.003061	0.000853	-0.012990
-0.002692	0.000523	-0.022154
-0.003301	0.000600	-0.012944
-0.002417	0.000891	-0.012759
-0.002942	0.000504	-0.022354
-0.002556	0.001242	-0.012306
-0.002951	-0.000060	-0.012783
-0.002367	0.000809	-0.021870
-0.002502	0.000664	-0.012683
-0.002605	0.000606	-0.016931
-0.002977	0.000561	-0.012211
-0.001389	0.000716	-0.021707
-0.003053	0.000707	-0.012352
-0.001741	0.000301	-0.021405
-0.002279	0.000660	-0.012233
-0.002446	0.000087	-0.011773
-0.001684	0.001067	-0.021533
-0.002071	-0.000020	-0.016453
-0.002508	0.000968	-0.011990
-0.001568	0.000341	-0.016150
-0.001261	0.000308	-0.021299
-0.002528	0.000310	-0.011586
-0.001495	0.000721	-0.016189
-0.001768	-0.000325	-0.016270
-0.001302	0.001513	-0.015986
-0.001926	-0.000482	-0.016235
-0.001203	0.000754	-0.015765
-0.001590	0.000025	-0.016221
-0.001355	0.000711	-0.015728
-0.001545	0.000095	-0.015824
-0.000316	0.000677	-0.015607
-0.002348	-0.000438	-0.015696
-0.000630	0.000531	-0.015693
-0.001116	0.000358	-0.015665
-0.000856	0.000404	-0.020072
-0.001329	0.000219	-0.010655
-0.000831	0.000032	-0.015547
-0.000735	0.000184	-0.019846
-0.000518	0.000405	-0.020027
-0.001312	-0.000549	-0.005714
-0.000267	0.001007	-0.019805
-0.000885	0.000121	-0.019801
-0.000305	-0.000356	-0.014997
-0.000758	0.000146	-0.010061
-0.000302	0.000783	-0.019679
-0.000735	-0.000774	-0.014861
0.000375	0.000336	-0.019548
-0.000970	0.000509	-0.009842
0.000263	-0.000896	-0.019216
-0.000892	0.000704	-0.014738
0.001005	0.000075	-0.019086
-0.001007	-0.000385	-0.014617
0.000534	0.000276	-0.014170
0.000149	0.000288	-0.019089
0.000005	-0.000816	-0.014149
0.000028	0.000461	-0.014272
0.000148	-0.000455	-0.019070
0.000532	0.000157	-0.009233
0.000824	-0.000240	-0.023295
-0.000748	0.000002	-0.009355
0.001331	-0.000096	-0.023177
0.000503	-0.000379	-0.014062
0.000494	0.000057	-0.013533
0.000429	-0.000329	-0.013949
0.001089	0.000404	-0.018129
0.000412	-0.000809	-0.018599
0.001241	0.000099	-0.013309
0.000173	-0.000642	-0.013637
0.001783	0.000168	-0.018096
0.000464	-0.000760	-0.017954
0.001376	-0.000029	-0.018267
0.001006	-0.000233	-0.012937
0.000963	-0.000281	-0.013531
0.001699	-0.000139	-0.017473
0.000949	-0.000545	-0.013496
0.000935	-0.000747	-0.017392
0.002359	-0.000188	-0.017748
0.000916	0.000108	-0.017816
0.001391	-0.000358	-0.008092
0.001694	-0.001098	-0.022085
0.002091	0.000240	-0.017441
0.001227	-0.000563	-0.012833
0.001680	-0.000610	-0.017031
0.002336	-0.000878	-0.012818
0.001562	-0.000103	-0.021847
0.001742	0.000118	-0.012761
0.002083	-0.001118	-0.012135
0.002145	-0.000383	-0.021658
0.001969	-0.001133	-0.012613
0.002045	0.000428	-0.016678
0.002392	-0.001415	-0.016958
0.002553	-0.000014	-0.017011
0.002187	-0.000609	-0.011879
0.002456	-0.000947	-0.021433
0.002280	-0.000461	-0.012016
0.002549	-0.000396	-0.016638
0.002591	-0.001157	-0.016554
0.002336	-0.000304	-0.016581
0.003457	-0.000767	-0.016483
0.002002	-0.000590	-0.011811
0.003125	-0.000950	-0.020741
0.002524	-0.000885	-0.011987
0.003655	-0.000445	-0.020600
0.002314	-0.000877	-0.016304
0.003433	-0.000423	-0.011528
0.002630	-0.001123	-0.016152
0.003977	-0.000361	-0.020440
0.002495	-0.001396	-0.016290
0.003095	-0.000839	-0.006477
0.003701	-0.000690	-0.025423
0.003184	-0.000684	-0.011002
0.003803	-0.001132	-0.020404
0.003850	-0.000510	-0.015820
0.002911	-0.001403	-0.015504
0.003503	-0.000222	-0.015922
0.003764	-0.001931	-0.010900
0.004194	-0.000419	-0.019980
0.003533	-0.000871	-0.020433
0.003825	-0.000643	-0.010580
0.003876	-0.001390	-0.015589
0.004223	-0.001297	-0.024387
0.004013	-0.000912	-0.006297
0.003791	-0.000915	-0.019653
0.004264	-0.000885	-0.015369
0.004264	-0.001238	-0.019831
0.003957	-0.001364	-0.015105
0.004965	-0.001012	-0.014932
0.003747	-0.000669	-0.010444
0.004769	-0.001290	-0.024117
0.004847	-0.001289	-0.015136
0.003743	-0.001048	-0.014850
0.005241	-0.001623	-0.014712
0.004340	-0.000527	-0.014994
0.004783	-0.002127	-0.023893
0.005181	-0.000334	-0.005258
0.004511	-0.001615	-0.024161
0.005033	-0.001046	-0.019100
0.004509	-0.001746	-0.005314
0.005704	-0.000858	-0.023981
0.004995	-0.001384	-0.014301
0.004927	-0.001612	-0.019108
0.005467	-0.001014	-0.014276
0.005020	-0.001366	-0.014598
0.005158	-0.001325	-0.018710
0.005282	-0.001857	-0.009680
0.006192	-0.000899	-0.028117
0.004608	-0.001879	-0.004696
0.006307	-0.001151	-0.023568
0.005647	-0.001332	-0.014102
0.005384	-0.001535	-0.014295
0.005313	-0.001675	-0.018261
0.006679	-0.001158	-0.018744
0.005353	-0.001727	-0.018227
0.006200	-0.001491	-0.009726
0.005539	-0.001675	-0.018312
0.006353	-0.001555	-0.018197
0.006213	-0.001456	-0.013952
0.005654	-0.001523	-0.018169
0.006473	-0.001679	-0.018620
0.006665	-0.001942	-0.013436
0.005770	-0.001437	-0.018187
0.006819	-0.001468	-0.013594
0.006496	-0.001921	-0.022813
0.006221	-0.001729	-0.013403
0.006115	-0.001717	-0.013407
0.007522	-0.001428	-0.017925
0.006491	-0.002144	-0.018137
0.006284	-0.001511	-0.013296
0.006849	-0.002080	-0.018051
0.007524	-0.001012	-0.017616
0.006560	-0.002993	-0.013320
0.006799	-0.000896	-0.022513
0.007739	-0.002011	-0.012856
0.006643	-0.002143	-0.018028
0.007601	-0.001512	-0.017406
0.006437	-0.002323	-0.013307
0.007476	-0.001803	-0.017497
0.007774	-0.002057	-0.017544
0.007058	-0.001528	-0.017300
0.007418	-0.002549	-0.013104
0.007582	-0.001642	-0.022240
0.008073	-0.002311	-0.017227
0.007694	-0.001368	-0.012743
0.007152	-0.002418	-0.012864
0.008067	-0.001741	-0.021885
0.007644	-0.002621	-0.017297
0.008241	-0.002353	-0.017167
0.007829	-0.001176	-0.017154
0.008013	-0.002399	-0.012730
0.007646	-0.002490	-0.017228
0.008688	-0.002230	-0.021554
0.007772	-0.001912	-0.012676
0.008960	-0.002337	-0.021559
0.007703	-0.001969	-0.012196
0.008015	-0.002678	-0.017247
0.009563	-0.001900	-0.016788
0.007636	-0.002556	-0.021910
0.008942	-0.001978	-0.007382
0.009036	-0.002167	-0.026010
0.007927	-0.002971	-0.016907
0.009507	-0.001875	-0.012182
0.007512	-0.002597	-0.016876
0.009797	-0.002415	-0.021508
0.008745	-0.002316	-0.011846
0.009405	-0.002163	-0.021184
0.008507	-0.002792	-0.012411
0.009306	-0.002438	-0.020742
0.009200	-0.002277	-0.017086
0.009145	-0.002513	-0.011707
0.009518	-0.003018	-0.025934
0.009031	-0.002146	-0.011556
0.009441	-0.002704	-0.016763
0.009843	-0.002637	-0.020942
0.009593	-0.002186	-0.011852
0.009769	-0.002883	-0.021198
0.009148	-0.002440	-0.016018
0.009344	-0.003074	-0.021104
0.010329	-0.002304	-0.011834
0.010276	-0.002944	-0.020778
0.009688	-0.002672	-0.016204
0.009598	-0.002488	-0.011720
0.010293	-0.002565	-0.025499
0.010052	-0.003172	-0.015998
0.009624	-0.003268	-0.011788
0.010663	-0.002357	-0.020718
0.010900	-0.002864	-0.020525
0.009437	-0.002503	-0.011683
0.011282	-0.003229	-0.020507
0.009323	-0.002823	-0.016294
0.011423	-0.002663	-0.015754
0.010249	-0.003318	-0.025516
0.010726	-0.003029	-0.006594
0.010981	-0.003025	-0.025025
0.010874	-0.002389	-0.015980
0.010280	-0.003442	-0.016072
0.011301	-0.003089	-0.020326
0.010665	-0.003224	-0.011326
0.011468	-0.002855	-0.025245
0.010256	-0.002916	-0.011018
0.012153	-0.003573	-0.025020
0.010453	-0.002955	-0.006559
0.012273	-0.003277	-0.029544
0.010611	-0.002851	-0.011174
0.011595	-0.003328	-0.015606
0.011269	-0.003263	-0.025241
0.012358	-0.003373	-0.015419
0.010300	-0.003223	-0.011108
0.011922	-0.003405	-0.024908
0.012731	-0.003255	-0.015597
0.011237	-0.003231	-0.015606
0.011740	-0.003655	-0.020247
0.011403	-0.003178	-0.015525
0.012758	-0.003404	-0.020059
0.011574	-0.003707	-0.015784
0.012643	-0.002819	-0.019865
0.011722	-0.004185	-0.020343
0.012220	-0.002885	-0.015341
0.013058	-0.003617	-0.015474
0.011540	-0.004043	-0.024570
0.012614	-0.003442	-0.010985
0.012881	-0.003281	-0.020073
0.012221	-0.003671	-0.019937
0.012176	-0.003975	-0.015435
0.013548	-0.003598	-0.024398
0.012069	-0.003593	-0.011069
0.012866	-0.003588	-0.015376
0.013095	-0.003772	-0.024295
0.013048	-0.003992	-0.019932
0.012700	-0.003743	-0.015420
0.013220	-0.003337	-0.015293
0.013173	-0.004346	-0.019986
0.013131	-0.003722	-0.019719
0.013351	-0.003686	-0.019892
0.013015	-0.003869	-0.015370
0.013260	-0.004243	-0.019780
0.014078	-0.004147	-0.019800
0.013138	-0.003341	-0.010778
0.013983	-0.004407	-0.024230
0.012759	-0.004058	-0.015320
0.014753	-0.003651	-0.024261
0.013252	-0.004794	-0.015234
0.014065	-0.003359	-0.015130
0.013450	-0.004735	-0.024425
0.014584	-0.003396	-0.015168
0.013909	-0.004879	-0.019679
0.013302	-0.003939	-0.019848
0.014441	-0.004265	-0.015072
0.014665	-0.004242	-0.019757
0.014640	-0.004036	-0.019480
0.014002	-0.004965	-0.019906
0.014258	-0.003950	-0.019662
0.014202	-0.004565	-0.015161
0.015055	-0.003999	-0.019577
0.014419	-0.004529	-0.019839
0.014385	-0.004393	-0.014951
0.015224	-0.004406	-0.019877
0.015189	-0.004725	-0.023852
0.014418	-0.004279	-0.015277
0.014489	-0.005197	-0.019674
0.015085	-0.004154	-0.015170
0.015339	-0.004194	-0.024197
0.015278	-0.004966	-0.014945
0.015417	-0.004807	-0.024079
0.014924	-0.004783	-0.015254
0.015178	-0.004290	-0.015297
0.015896	-0.004778	-0.023831
0.015727	-0.004828	-0.024140
0.014768	-0.004884	-0.006080
0.015947	-0.004734	-0.028819
0.016217	-0.004713	-0.019428
0.014674	-0.005186	-0.015232
0.016009	-0.004970	-0.019607
0.016563	-0.005011	-0.019464
0.015488	-0.004403	-0.019681
0.016374	-0.005186	-0.019628
0.015262	-0.005210	-0.019691
0.016442	-0.005227	-0.014895
0.016462	-0.004963	-0.024353
0.016065	-0.004576	-0.019607
0.016695	-0.005556	-0.014917
0.016189	-0.005407	-0.024260
0.016769	-0.004890	-0.019630
0.016450	-0.005122	-0.015025
0.015972	-0.005327	-0.024144
0.017305	-0.005481	-0.015193
0.016233	-0.005383	-0.019551
0.017546	-0.005278	-0.024189
0.016041	-0.005120	-0.015086
0.017662	-0.005418	-0.019591
0.017233	-0.005732	-0.024464
0.016110	-0.005334	-0.014767
0.017920	-0.005163	-0.019838
0.017159	-0.006058	-0.024105
0.016939	-0.005581	-0.015344
0.017568	-0.005179	-0.024028
0.016973	-0.005862	-0.015251
0.018136	-0.005672	-0.024189
0.017673	-0.005664	-0.019717
0.016587	-0.005624	-0.010680
0.018542	-0.005644	-0.028829
0.017516	-0.006189	-0.019467
0.017439	-0.005734	-0.019805
0.018348	-0.005926	-0.015190
0.018757	-0.005323	-0.028947
0.016915	-0.006079	-0.014882
0.018032	-0.006546	-0.015728
0.018477	-0.005853	-0.023973
0.018016	-0.005418	-0.024371
0.018985	-0.006554	-0.015243
0.018561	-0.005431	-0.019958
0.017256	-0.006847	-0.019770
0.019059	-0.006141	-0.024165
0.018957	-0.005843	-0.019820
0.018060	-0.006306	-0.015388
0.018763	-0.006496	-0.024408
0.019092	-0.005693	-0.020007
0.019060	-0.006718	-0.019693
0.018524	-0.006449	-0.020232
0.019413	-0.006222	-0.019507
0.018597	-0.006762	-0.024233
0.019509	-0.006031	-0.020284
0.019150	-0.006067	-0.015500
0.019571	-0.007299	-0.028903
0.018105	-0.006559	-0.011051
0.020829	-0.006518	-0.028938
0.018857	-0.006293	-0.015298
0.019370	-0.007189	-0.020361
0.019673	-0.006263	-0.024318
0.019807	-0.006992	-0.015597
0.019920	-0.006897	-0.024568
0.020233	-0.006454	-0.024370
0.019235	-0.006807	-0.011358
0.019514	-0.007415	-0.029142
0.020653	-0.006810	-0.015882
0.020594	-0.006747	-0.024096
0.019424	-0.007091	-0.020281
0.021030	-0.006759	-0.020423
0.019815	-0.007333	-0.019995
0.020393	-0.007161	-0.025202
0.019962	-0.007329	-0.015425
0.020823	-0.007082	-0.024474
0.021098	-0.006830	-0.020596
0.020931	-0.007847	-0.024511
0.019593	-0.007222	-0.016378
0.021973	-0.006938	-0.019838
0.020362	-0.007733	-0.029604
0.020855	-0.007327	-0.015711
0.020472	-0.007457	-0.016189
0.022231	-0.007665	-0.029327
0.020897	-0.007425	-0.020265
0.020476	-0.007556	-0.020635
0.022007	-0.007609	-0.020262
0.021677	-0.007733	-0.020785
0.020665	-0.008048	-0.025029
0.022067	-0.007154	-0.020386
0.021135	-0.008280	-0.020760
0.022016	-0.007570	-0.020640
0.021946	-0.007685	-0.024708
0.020987	-0.007986	-0.016782
0.022733	-0.008386	-0.024870
0.021487	-0.007691	-0.020889
0.022248	-0.008401	-0.024689
0.021938	-0.007277	-0.016948
0.022353	-0.009035	-0.024573
0.021975	-0.007578	-0.021252
0.022771	-0.008642	-0.025415
0.021675	-0.008184	-0.020600
0.023164	-0.007591	-0.021069
0.022400	-0.009439	-0.020903
0.022432	-0.007430	-0.025022
0.022529	-0.008794	-0.016770
0.022595	-0.009298	-0.025753
0.022422	-0.007748	-0.021020
0.023625	-0.008699	-0.020598
0.023665	-0.008265	-0.030423
0.022522	-0.008807	-0.016290
0.022239	-0.008806	-0.017074
0.023725	-0.008313	-0.030008
0.023954	-0.009318	-0.020742
0.022105	-0.008914	-0.021705
0.024032	-0.008763	-0.021576
0.023080	-0.008846	-0.020933
0.023878	-0.009091	-0.030109
0.022847	-0.008717	-0.012333
0.024846	-0.009617	-0.030499
0.023249	-0.008212	-0.017218
0.024323	-0.009731	-0.030148
0.023102	-0.009319	-0.012708
0.023902	-0.009264	-0.026082
0.024788	-0.009332	-0.029934
0.023564	-0.008974	-0.013026
0.024637	-0.009209	-0.026125
0.023863	-0.010189	-0.025778
0.024677	-0.008981	-0.017461
0.024169	-0.010123	-0.030546
0.024536	-0.009128	-0.017524
0.024883	-0.009634	-0.026261
0.024307	-0.009484	-0.021608
0.024834	-0.010032	-0.021716
0.024499	-0.010189	-0.026755
0.024897	-0.009194	-0.017278
0.025111	-0.009991	-0.026329
0.024560	-0.010549	-0.026372
0.025459	-0.009440	-0.017745
0.025170	-0.010055	-0.022323
0.025502	-0.009974	-0.030709
0.024709	-0.010411	-0.017554
0.025295	-0.010580	-0.022563
0.025787	-0.009438	-0.026440
0.025550	-0.011261	-0.026523
0.025019	-0.009374	-0.018094
0.026348	-0.011102	-0.026790
0.025319	-0.009901	-0.022543
0.026511	-0.010545	-0.021959
0.025098	-0.011104	-0.027115
0.025886	-0.010471	-0.022811
0.026375	-0.010352	-0.018076
0.025973	-0.011100	-0.026460
0.026943	-0.009927	-0.031761
0.025353	-0.011728	-0.014038
0.026455	-0.010462	-0.026729
0.026293	-0.011565	-0.027430
0.026361	-0.011018	-0.018378
0.026282	-0.010368	-0.027065
0.027611	-0.011265	-0.027451
0.026442	-0.011626	-0.017948
0.026622	-0.010667	-0.027802
0.026501	-0.011196	-0.023106
0.027084	-0.012108	-0.023084
0.027535	-0.011027	-0.027057
0.026604	-0.010891	-0.019332
0.027259	-0.012175	-0.026671
0.026574	-0.011811	-0.028065
0.028000	-0.010842	-0.019136
0.026875	-0.012186	-0.027660
0.028376	-0.011157	-0.022827
0.026881	-0.012174	-0.028272
0.026464	-0.012258	-0.014442
0.029067	-0.011431	-0.036331
0.027958	-0.012473	-0.019879
0.026643	-0.011431	-0.022899
0.028269	-0.012215	-0.023810
0.028312	-0.012540	-0.028352
0.027492	-0.012265	-0.023412
0.028689	-0.011454	-0.023337
0.028083	-0.013256	-0.028834
0.028248	-0.011799	-0.023451
0.028186	-0.012896	-0.024365
0.027956	-0.011938	-0.023233
0.029478	-0.013240	-0.028556
0.027306	-0.012601	-0.015470
0.029389	-0.012598	-0.032684
0.028352	-0.012409	-0.024207
0.029331	-0.013235	-0.028706
0.028445	-0.012815	-0.019224
0.029671	-0.012431	-0.029045
0.028133	-0.013198	-0.024640
0.028660	-0.014319	-0.023804
0.030571	-0.011887	-0.029052
0.028388	-0.013354	-0.024652
0.028617	-0.013957	-0.019728
0.030148	-0.013293	-0.033384
0.029353	-0.012961	-0.020075
0.029354	-0.013374	-0.025087
0.029577	-0.014116	-0.024484
0.029352	-0.012988	-0.028942
0.030507	-0.013888	-0.024829
0.029823	-0.013235	-0.024989
0.029477	-0.015033	-0.025156
0.030509	-0.013023	-0.029120
0.029059	-0.014028	-0.024718
0.030652	-0.013863	-0.021119
0.029946	-0.014737	-0.028840
0.030778	-0.013327	-0.030301
0.029873	-0.014831	-0.024619
0.030772	-0.014297	-0.021278
0.030202	-0.014620	-0.029245
0.030241	-0.014257	-0.021353
0.031576	-0.014197	-0.034131
0.029616	-0.014810	-0.020906
0.031096	-0.014585	-0.025628
0.031697	-0.014629	-0.029556
0.029683	-0.014472	-0.022191
0.032316	-0.015437	-0.029091
0.029545	-0.015096	-0.026030
0.031844	-0.014400	-0.025935
0.031954	-0.015639	-0.030110
0.030782	-0.014334	-0.021471
0.031281	-0.016186	-0.025879
0.030957	-0.014732	-0.030619
0.031777	-0.015511	-0.021682
0.031536	-0.015418	-0.030403
0.031800	-0.015378	-0.025504
0.032449	-0.015701	-0.031256
0.031132	-0.015775	-0.017539
0.032456	-0.015825	-0.034784
0.031013	-0.015405	-0.021885
0.032648	-0.016282	-0.026837
0.032040	-0.015202	-0.030740
0.032758	-0.017221	-0.026357
0.031208	-0.015177	-0.022269
0.032732	-0.017142	-0.031473
0.032342	-0.016225	-0.026025
0.032904	-0.015708	-0.031280
0.031362	-0.016716	-0.018656
0.034488	-0.015846	-0.035287
0.030883	-0.017500	-0.022127
0.034010	-0.016756	-0.027159
0.032123	-0.016075	-0.027499
0.033449	-0.017502	-0.031113
0.032423	-0.016619	-0.022523
0.034015	-0.016806	-0.027482
0.031640	-0.017500	-0.031326
0.034200	-0.017014	-0.023508
0.032778	-0.016965	-0.031632
0.034434	-0.017162	-0.023012
0.033366	-0.017631	-0.031429
0.032773	-0.017435	-0.027825
0.033549	-0.018140	-0.027724
0.033509	-0.016835	-0.023403
0.033912	-0.018169	-0.031446
0.034245	-0.017677	-0.023972
0.033021	-0.018687	-0.032292
0.034696	-0.016618	-0.027368
0.033759	-0.018923	-0.023910
0.033963	-0.018140	-0.032699
0.034522	-0.017607	-0.027354
0.034256	-0.018961	-0.028492
0.033642	-0.018316	-0.023960
0.035099	-0.018892	-0.031927
0.034087	-0.017952	-0.029023
0.034002	-0.019093	-0.023496
0.034702	-0.018531	-0.028764
0.036260	-0.018815	-0.032284
0.032980	-0.018919	-0.028725
0.035240	-0.018954	-0.024933
0.035170	-0.019630	-0.027934
0.034706	-0.018409	-0.033430
0.034848	-0.019956	-0.019451
0.035740	-0.019649	-0.038199
0.034238	-0.018739	-0.019857
0.035659	-0.019676	-0.033302
0.034956	-0.019735	-0.029100
0.035380	-0.020271	-0.024717
0.036489	-0.019399	-0.037150
0.035144	-0.019867	-0.021393
0.035252	-0.020241	-0.032938
0.035877	-0.019832	-0.024984
0.035131	-0.020140	-0.029609
0.035473	-0.020965	-0.029185
0.037552	-0.020111	-0.033461
0.034545	-0.020305	-0.021678
0.036271	-0.020333	-0.029337
0.036826	-0.021095	-0.033528
0.035242	-0.020738	-0.029933
0.036102	-0.021204	-0.025437
0.037047	-0.020085	-0.029918
0.036862	-0.021475	-0.033749
0.033691	-0.021933	-0.021565
0.039721	-0.020341	-0.033976
0.034387	-0.021506	-0.026020
0.038106	-0.021548	-0.034234
0.035390	-0.021759	-0.026274
0.037802	-0.021242	-0.029783
0.035753	-0.022296	-0.026225
0.037861	-0.021629	-0.038380
0.036852	-0.021608	-0.022072
0.035539	-0.022691	-0.026951
0.039002	-0.021783	-0.037950
0.036894	-0.022064	-0.026627
0.036563	-0.022673	-0.026435
0.037892	-0.022083	-0.034926
0.037253	-0.023170	-0.026474
0.036545	-0.022185	-0.030119
0.037958	-0.022955	-0.027544
0.038056	-0.023407	-0.034502
0.037666	-0.021836	-0.026627
0.037347	-0.023494	-0.031080
0.037754	-0.023778	-0.027227
0.037874	-0.022998	-0.035127
0.037740	-0.023065	-0.027153
0.037461	-0.023853	-0.026698
0.039655	-0.023734	-0.039407
0.037183	-0.022863	-0.023144
0.037946	-0.024158	-0.031521
0.038126	-0.024388	-0.027182
0.038807	-0.024015	-0.035690
0.038114	-0.023747	-0.027225
0.038273	-0.024434	-0.027344
0.037670	-0.024557	-0.036242
0.040252	-0.024564	-0.031502
0.037971	-0.023484	-0.023518
0.038288	-0.025819	-0.035641
0.038976	-0.024213	-0.027942
0.039076	-0.025528	-0.031694
0.038905	-0.024027	-0.032271
0.038242	-0.026203	-0.027804
0.039118	-0.024732	-0.031904
0.039049	-0.024999	-0.028224
0.038969	-0.026210	-0.032199
0.040432	-0.024961	-0.032059
0.037705	-0.026147	-0.032158
0.039261	-0.026063	-0.028461
0.041267	-0.025147	-0.032397
0.036810	-0.026918	-0.028058
0.041343	-0.024989	-0.032509
0.038852	-0.026698	-0.028859
0.040226	-0.026710	-0.032684
0.038281	-0.026593	-0.027811
0.040868	-0.026439	-0.037399
0.039964	-0.026416	-0.028182
0.038441	-0.027361	-0.029295
0.040710	-0.026842	-0.036575
0.041311	-0.026906	-0.028933
0.038055	-0.027097	-0.028555
0.041123	-0.027473	-0.028918
0.039095	-0.027145	-0.033513
0.041682	-0.027660	-0.037155
0.039505	-0.028034	-0.024672
0.039797	-0.027991	-0.033504
0.040189	-0.027618	-0.028759
0.041014	-0.027870	-0.033686
0.039905	-0.028121	-0.032752
0.040961	-0.028832	-0.030378
0.041075	-0.027701	-0.028490
0.040252	-0.028974	-0.034036
0.040830	-0.028219	-0.032811
0.040811	-0.029485	-0.033922
0.040047	-0.028308	-0.025900
0.041968	-0.028726	-0.033432
0.039884	-0.030343	-0.033550
0.040832	-0.028424	-0.030335
0.042213	-0.029538	-0.033144
0.039790	-0.029635	-0.026094
0.041815	-0.029617	-0.037595
0.041779	-0.029485	-0.029983
0.041070	-0.030156	-0.034291
0.040627	-0.030555	-0.030077
0.041025	-0.029669	-0.033746
0.041587	-0.030331	-0.026181
0.042000	-0.030469	-0.034024
0.040469	-0.030079	-0.034781
0.042932	-0.031448	-0.029918
0.040776	-0.030371	-0.034226
0.041699	-0.031184	-0.030195
0.041538	-0.030673	-0.034216
0.040853	-0.031815	-0.026542
0.043436	-0.030645	-0.038815
0.040848	-0.032191	-0.026195
0.042597	-0.031021	-0.034931
0.041550	-0.032176	-0.033885
0.042364	-0.031409	-0.031207
0.041588	-0.032273	-0.034507
0.042829	-0.031822	-0.030654
0.041088	-0.032785	-0.030908
0.041462	-0.032276	-0.030630
0.043692	-0.032377	-0.034457
0.042391	-0.032610	-0.035323
0.041161	-0.033314	-0.030955
0.042253	-0.032468	-0.026694
0.043781	-0.033163	-0.039004
0.041916	-0.033136	-0.031248
0.041367	-0.033397	-0.026895
0.043197	-0.033764	-0.039150
0.043231	-0.033872	-0.031136
0.041066	-0.033107	-0.030545
0.044480	-0.034192	-0.035714
0.041782	-0.034144	-0.031416
0.043245	-0.034032	-0.031044
0.041899	-0.034609	-0.035347
0.043082	-0.033855	-0.027220
0.042880	-0.035804	-0.039453
0.042962	-0.033832	-0.031492
0.042994	-0.034451	-0.027436
0.041644	-0.036518	-0.035157
0.045116	-0.034098	-0.031858
0.042635	-0.034990	-0.039522
0.041777	-0.036963	-0.027116
0.044773	-0.034135	-0.032109
0.042766	-0.036615	-0.035061
0.041128	-0.035642	-0.032188
0.045162	-0.036069	-0.031352
0.043266	-0.036179	-0.035454
0.042675	-0.036355	-0.031921
0.043336	-0.036521	-0.032189
0.043394	-0.036678	-0.031545
0.043412	-0.036656	-0.035488
0.044376	-0.037017	-0.036250
0.041121	-0.037821	-0.024089
0.045619	-0.035829	-0.039094
0.043025	-0.037949	-0.032372
0.043049	-0.038366	-0.031740
0.044264	-0.036583	-0.036290
0.042827	-0.038361	-0.028143
0.044323	-0.037895	-0.035196
0.043787	-0.037482	-0.032898
0.042953	-0.039136	-0.035617
0.043811	-0.038195	-0.027972
0.043871	-0.038880	-0.036209
0.044843	-0.038037	-0.036029
0.041481	-0.039282	-0.028151
0.045793	-0.038774	-0.036472
0.042701	-0.039767	-0.027660
0.044390	-0.039229	-0.040320
0.043647	-0.038881	-0.028680
0.045617	-0.040147	-0.035544
0.041953	-0.039354	-0.032841
0.044595	-0.040351	-0.028045
0.043219	-0.040337	-0.039772
0.045330	-0.040157	-0.032865
0.043102	-0.040132	-0.031967
0.045157	-0.040738	-0.028735
0.043089	-0.040840	-0.039830
0.043626	-0.040445	-0.028809
0.045268	-0.041409	-0.032249
0.042651	-0.041446	-0.036066
0.045026	-0.041445	-0.032581
0.045987	-0.040909	-0.036030
0.042355	-0.041531	-0.032640
0.043656	-0.042982	-0.028161
0.044521	-0.041489	-0.036659
0.044424	-0.041778	-0.032230
0.045930	-0.042088	-0.036706
0.041696	-0.043590	-0.028411
0.044502	-0.042161	-0.035649
0.046716	-0.042334	-0.033199
0.041421	-0.043368	-0.032489
0.046648	-0.042946	-0.036051
0.042950	-0.043753	-0.032456
0.044949	-0.042931	-0.028869
0.043596	-0.043992	-0.039838
0.045220	-0.043777	-0.028658
0.042241	-0.043521	-0.032826
0.047379	-0.044065	-0.036014
0.041929	-0.045066	-0.032433
0.045943	-0.043879	-0.032557
0.043435	-0.045016	-0.032175
0.045629	-0.043692	-0.032810
0.043983	-0.045997	-0.040135
0.044526	-0.044594	-0.028173
0.042579	-0.045883	-0.029320
0.046859	-0.044384	-0.039789
0.042351	-0.046551	-0.028532
0.046429	-0.045212	-0.040007
0.042636	-0.045853	-0.024743
0.044592	-0.046749	-0.040537
0.046214	-0.045693	-0.028133
0.042137	-0.046262	-0.032561
0.044619	-0.047739	-0.036157
0.045802	-0.045422	-0.032232
0.044321	-0.047594	-0.036171
0.043019	-0.047187	-0.028809
0.045610	-0.046949	-0.035819
0.043898	-0.047368	-0.028470
0.043772	-0.048019	-0.040288
0.045489	-0.047461	-0.028323
0.043767	-0.048236	-0.032175
0.046165	-0.047553	-0.039642
0.042031	-0.048915	-0.028925
0.045020	-0.048174	-0.031524
0.044320	-0.048562	-0.033238
0.043408	-0.048934	-0.031131
0.045533	-0.048928	-0.036549
0.043108	-0.049354	-0.032188
0.046762	-0.048975	-0.035483
0.042937	-0.049784	-0.031902
0.043718	-0.049473	-0.031984
0.043896	-0.050177	-0.032595
0.044954	-0.049488	-0.032161
0.045023	-0.050116	-0.035177
0.041953	-0.050895	-0.028704
0.046231	-0.050020	-0.035201
0.043224	-0.050980	-0.032015
0.042986	-0.050922	-0.032370
0.047190	-0.051028	-0.038713
0.041266	-0.051288	-0.024827
0.044374	-0.051429	-0.038480
0.046687	-0.050897	-0.032264
0.042302	-0.052315	-0.031736
0.042484	-0.052087	-0.027755
0.046138	-0.051491	-0.039510
0.042507	-0.052964	-0.027239
0.045915	-0.052368	-0.039063
0.041466	-0.052202	-0.028210
0.043423	-0.053394	-0.031580
0.047170	-0.052090	-0.034709
0.041405	-0.053834	-0.031825
0.044257	-0.052844	-0.031091
0.043733	-0.054163	-0.034820
0.043771	-0.053431	-0.035504
0.043887	-0.053464	-0.027376
0.043596	-0.054461	-0.034197
0.043318	-0.053879	-0.028400
0.044869	-0.054545	-0.038270
0.040227	-0.054919	-0.027105
0.047311	-0.054086	-0.038477
0.041600	-0.055398	-0.027242
0.044181	-0.054852	-0.034548
0.042603	-0.055530	-0.030948
0.043842	-0.055275	-0.030933
0.042310	-0.055699	-0.030688
0.043719	-0.055908	-0.038035
0.043404	-0.055845	-0.027103
0.043900	-0.055921	-0.033963
0.041321	-0.056945	-0.030713
0.044624	-0.055813	-0.030398
0.042985	-0.057245	-0.034311
0.042957	-0.056808	-0.033576
0.042598	-0.057118	-0.030679
0.044141	-0.056272	-0.029965
0.040789	-0.058569	-0.030522
0.045321	-0.056703	-0.033872
