cx	cy	cz	q_scalar	q_x	q_y	q_z
-10.799835	-0.500517	0.100120	0.140918	-0.114763	-0.909766	0.373226
-10.799635	-0.501017	0.100220	0.142369	-0.114056	-0.909192	0.374288
-10.799435	-0.501518	0.100320	0.143817	-0.113346	-0.908615	0.375351
-10.799235	-0.502018	0.100420	0.145262	-0.112632	-0.908033	0.376415
-10.799035	-0.502518	0.100520	0.146706	-0.111915	-0.907448	0.377479
-10.798835	-0.503018	0.100620	0.148147	-0.111195	-0.906859	0.378544
-10.798635	-0.503518	0.100720	0.149585	-0.110471	-0.906266	0.379609
-10.798435	-0.504018	0.100820	0.151021	-0.109744	-0.905669	0.380674
-10.798235	-0.504518	0.100920	0.152455	-0.109014	-0.905068	0.381740
-10.798035	-0.505018	0.101020	0.153886	-0.108280	-0.904463	0.382806
-10.797835	-0.505518	0.101120	0.155314	-0.107543	-0.903855	0.383873
-10.797635	-0.506018	0.101220	0.156741	-0.106802	-0.903242	0.384940
-10.797435	-0.506518	0.101321	0.158164	-0.106058	-0.902626	0.386007
-10.797235	-0.507018	0.101421	0.159585	-0.105311	-0.902006	0.387075
-10.797035	-0.507518	0.101521	0.161004	-0.104561	-0.901382	0.388143
-10.796835	-0.508018	0.101621	0.162420	-0.103807	-0.900754	0.389212
-10.796635	-0.508518	0.101721	0.163834	-0.103050	-0.900123	0.390280
-10.796435	-0.509018	0.101821	0.165245	-0.102289	-0.899487	0.391349
-10.796235	-0.509518	0.101921	0.166653	-0.101525	-0.898848	0.392419
-10.796035	-0.510018	0.102021	0.168059	-0.100757	-0.898204	0.393488
-10.795835	-0.510518	0.102121	0.169462	-0.099987	-0.897557	0.394558
-10.795635	-0.511018	0.102221	0.170863	-0.099212	-0.896906	0.395628
-10.795435	-0.511518	0.102321	0.172261	-0.098435	-0.896252	0.396699
-10.795235	-0.512018	0.102421	0.173656	-0.097654	-0.895593	0.397769
-10.795035	-0.512518	0.102521	0.175048	-0.096869	-0.894931	0.398840
-10.794835	-0.513019	0.102621	0.176438	-0.096082	-0.894264	0.399911
-10.794636	-0.513519	0.102721	0.177826	-0.095291	-0.893594	0.400982
-10.794436	-0.514019	0.102821	0.179210	-0.094496	-0.892920	0.402054
-10.794236	-0.514519	0.102921	0.180592	-0.093698	-0.892243	0.403125
-10.794036	-0.515019	0.103021	0.181971	-0.092897	-0.891561	0.404197
-10.793836	-0.515519	0.103121	0.183348	-0.092092	-0.890876	0.405269
-10.793636	-0.516019	0.103221	0.184721	-0.091284	-0.890187	0.406341
-10.793436	-0.516519	0.103321	0.186092	-0.090472	-0.889494	0.407413
-10.793236	-0.517019	0.103421	0.187460	-0.089657	-0.888797	0.408485
-10.793036	-0.517519	0.103521	0.188825	-0.088839	-0.888097	0.409557
-10.792836	-0.518019	0.103621	0.190188	-0.088017	-0.887393	0.410629
-10.792636	-0.518519	0.103721	0.191547	-0.087191	-0.886685	0.411701
-10.792436	-0.519019	0.103821	0.192904	-0.086363	-0.885973	0.412773
-10.792236	-0.519519	0.103921	0.194258	-0.085531	-0.885257	0.413846
-10.792036	-0.520019	0.104021	0.195609	-0.084695	-0.884538	0.414918
-10.791836	-0.520519	0.104121	0.196957	-0.083856	-0.883815	0.415990
-10.791636	-0.521019	0.104221	0.198303	-0.083014	-0.883088	0.417062
-10.791436	-0.521519	0.104321	0.199645	-0.082168	-0.882357	0.418134
-10.791236	-0.522019	0.104421	0.200984	-0.081319	-0.881623	0.419206
-10.791036	-0.522519	0.104521	0.202321	-0.080466	-0.880885	0.420278
-10.790836	-0.523019	0.104621	0.203654	-0.079610	-0.880143	0.421350
-10.790636	-0.523519	0.104721	0.204985	-0.078750	-0.879397	0.422422
-10.790436	-0.524019	0.104821	0.206313	-0.077887	-0.878648	0.423494
-10.790236	-0.524519	0.104921	0.207637	-0.077021	-0.877895	0.424565
-10.790036	-0.525020	0.105021	0.208959	-0.076151	-0.877138	0.425637
-10.789836	-0.525520	0.105121	0.210278	-0.075277	-0.876377	0.426708
-10.789636	-0.526020	0.105221	0.211593	-0.074401	-0.875613	0.427779
-10.789436	-0.526520	0.105321	0.212906	-0.073520	-0.874845	0.428850
-10.789236	-0.527020	0.105421	0.214215	-0.072637	-0.874074	0.429920
-10.789036	-0.527520	0.105521	0.215522	-0.071750	-0.873298	0.430990
-10.788836	-0.528020	0.105621	0.216825	-0.070859	-0.872519	0.432061
-10.788636	-0.528520	0.105721	0.218125	-0.069965	-0.871736	0.433130
-10.788436	-0.529020	0.105821	0.219422	-0.069067	-0.870950	0.434200
-10.788236	-0.529520	0.105921	0.220716	-0.068167	-0.870160	0.435269
-10.788036	-0.530020	0.106021	0.222007	-0.067262	-0.869366	0.436338
-10.787836	-0.530520	0.106122	0.223295	-0.066354	-0.868569	0.437407
-10.787636	-0.531020	0.106222	0.224580	-0.065443	-0.867768	0.438475
-10.787436	-0.531520	0.106322	0.225861	-0.064528	-0.866963	0.439543
-10.787236	-0.532020	0.106422	0.227139	-0.063610	-0.866155	0.440611
-10.787036	-0.532520	0.106522	0.228414	-0.062689	-0.865343	0.441678
-10.786836	-0.533020	0.106622	0.229686	-0.061764	-0.864527	0.442744
-10.786636	-0.533520	0.106722	0.230955	-0.060835	-0.863708	0.443811
-10.786436	-0.534020	0.106822	0.232220	-0.059903	-0.862885	0.444877
-10.786236	-0.534520	0.106922	0.233482	-0.058968	-0.862058	0.445942
-10.786036	-0.535020	0.107022	0.234741	-0.058029	-0.861228	0.447007
-10.785836	-0.535520	0.107122	0.235996	-0.057087	-0.860395	0.448072
-10.785636	-0.536020	0.107222	0.237248	-0.056141	-0.859557	0.449136
-10.785436	-0.536521	0.107322	0.238497	-0.055192	-0.858716	0.450199
-10.785236	-0.537021	0.107422	0.239743	-0.054239	-0.857872	0.451262
-10.785036	-0.537521	0.107522	0.240985	-0.053283	-0.857024	0.452324
-10.784836	-0.538021	0.107622	0.242224	-0.052323	-0.856172	0.453386
-10.784636	-0.538521	0.107722	0.243460	-0.051360	-0.855317	0.454447
-10.784436	-0.539021	0.107822	0.244692	-0.050394	-0.854458	0.455508
-10.784236	-0.539521	0.107922	0.245921	-0.049424	-0.853596	0.456568
-10.784036	-0.540021	0.108022	0.247146	-0.048451	-0.852730	0.457627
-10.783836	-0.540521	0.108122	0.248368	-0.047474	-0.851861	0.458686
-10.783636	-0.541021	0.108222	0.249587	-0.046494	-0.850988	0.459744
-10.783436	-0.541521	0.108322	0.250802	-0.045510	-0.850111	0.460801
-10.783236	-0.542021	0.108422	0.252014	-0.044523	-0.849231	0.461858
-10.783036	-0.542521	0.108522	0.253222	-0.043533	-0.848348	0.462914
-10.782836	-0.543021	0.108622	0.254427	-0.042539	-0.847461	0.463969
-10.782636	-0.543521	0.108722	0.255628	-0.041541	-0.846570	0.465024
-10.782436	-0.544021	0.108822	0.256826	-0.040540	-0.845676	0.466077
-10.782236	-0.544521	0.108922	0.258020	-0.039536	-0.844779	0.467130
-10.782036	-0.545021	0.109022	0.259211	-0.038529	-0.843878	0.468183
-10.781836	-0.545521	0.109122	0.260398	-0.037518	-0.842974	0.469234
-10.781636	-0.546021	0.109222	0.261582	-0.036503	-0.842066	0.470284
-10.781436	-0.546521	0.109322	0.262762	-0.035485	-0.841155	0.471334
-10.781236	-0.547021	0.109422	0.263939	-0.034464	-0.840240	0.472383
-10.781036	-0.547521	0.109522	0.265112	-0.033439	-0.839322	0.473430
-10.780836	-0.548021	0.109622	0.266281	-0.032411	-0.838400	0.474477
-10.780636	-0.548522	0.109722	0.267447	-0.031379	-0.837475	0.475523
-10.780436	-0.549022	0.109822	0.268609	-0.030344	-0.836547	0.476568
-10.780236	-0.549522	0.109922	0.269767	-0.029306	-0.835615	0.477613
-10.780036	-0.550022	0.110022	0.270922	-0.028264	-0.834680	0.478656
-10.779836	-0.550522	0.110122	0.272073	-0.027219	-0.833742	0.479698
-10.779636	-0.551022	0.110222	0.273221	-0.026170	-0.832800	0.480739
-10.779436	-0.551522	0.110322	0.274365	-0.025118	-0.831854	0.481779
-10.779236	-0.552022	0.110422	0.275505	-0.024062	-0.830906	0.482818
-10.779036	-0.552522	0.110522	0.276642	-0.023004	-0.829954	0.483856
-10.778836	-0.553022	0.110622	0.277774	-0.021941	-0.828999	0.484893
-10.778636	-0.553522	0.110722	0.278903	-0.020876	-0.828040	0.485929
-10.778436	-0.554022	0.110822	0.280029	-0.019807	-0.827078	0.486964
-10.778236	-0.554522	0.110923	0.281150	-0.018734	-0.826113	0.487997
-10.778036	-0.555022	0.111023	0.282268	-0.017659	-0.825144	0.489030
-10.777836	-0.555522	0.111123	0.283382	-0.016580	-0.824172	0.490061
-10.777636	-0.556022	0.111223	0.284492	-0.015497	-0.823197	0.491091
-10.777436	-0.556522	0.111323	0.285599	-0.014411	-0.822219	0.492120
-10.777236	-0.557022	0.111423	0.286702	-0.013322	-0.821237	0.493148
-10.777036	-0.557522	0.111523	0.287800	-0.012229	-0.820252	0.494174
-10.776836	-0.558022	0.111623	0.288895	-0.011134	-0.819264	0.495199
-10.776636	-0.558522	0.111723	0.289986	-0.010034	-0.818272	0.496223
-10.776436	-0.559022	0.111823	0.291074	-0.008932	-0.817278	0.497246
-10.776236	-0.559522	0.111923	0.292157	-0.007826	-0.816280	0.498267
-10.776036	-0.560023	0.112023	0.293237	-0.006716	-0.815279	0.499287
-10.775836	-0.560523	0.112123	0.294312	-0.005604	-0.814275	0.500306
-10.775636	-0.561023	0.112223	0.295384	-0.004488	-0.813267	0.501323
-10.775436	-0.561523	0.112323	0.296452	-0.003368	-0.812256	0.502339
-10.775236	-0.562023	0.112423	0.297516	-0.002246	-0.811243	0.503353
-10.775036	-0.562523	0.112523	0.298576	-0.001120	-0.810226	0.504366
-10.774836	-0.563023	0.112623	0.299632	0.000010	-0.809206	0.505378
-10.774636	-0.563523	0.112723	0.300684	0.001142	-0.808182	0.506388
-10.774436	-0.564023	0.112823	0.301733	0.002278	-0.807156	0.507397
-10.774236	-0.564523	0.112923	0.302777	0.003417	-0.806126	0.508404
-10.774036	-0.565023	0.113023	0.303817	0.004560	-0.805094	0.509410
-10.773836	-0.565523	0.113123	0.304853	0.005705	-0.804058	0.510414
-10.773636	-0.566023	0.113223	0.305885	0.006854	-0.803019	0.511417
-10.773436	-0.566523	0.113323	0.306914	0.008007	-0.801978	0.512418
-10.773236	-0.567023	0.113423	0.307938	0.009162	-0.800933	0.513417
-10.773036	-0.567523	0.113523	0.308958	0.010321	-0.799885	0.514415
-10.772836	-0.568023	0.113623	0.309974	0.011483	-0.798834	0.515411
-10.772636	-0.568523	0.113723	0.310986	0.012649	-0.797780	0.516406
-10.772436	-0.569023	0.113823	0.311994	0.013817	-0.796723	0.517399
-10.772236	-0.569523	0.113923	0.312998	0.014989	-0.795662	0.518391
-10.772036	-0.570023	0.114023	0.313998	0.016164	-0.794599	0.519380
-10.771836	-0.570523	0.114123	0.314994	0.017343	-0.793533	0.520368
-10.771636	-0.571023	0.114223	0.315985	0.018524	-0.792464	0.521354
-10.771436	-0.571524	0.114323	0.316973	0.019709	-0.791392	0.522339
-10.771236	-0.572024	0.114423	0.317956	0.020897	-0.790317	0.523322
-10.771036	-0.572524	0.114523	0.318936	0.022089	-0.789239	0.524303
-10.770836	-0.573024	0.114623	0.319911	0.023283	-0.788159	0.525282
-10.770636	-0.573524	0.114723	0.320882	0.024481	-0.787075	0.526259
-10.770436	-0.574024	0.114823	0.321848	0.025681	-0.785988	0.527235
-10.770236	-0.574524	0.114923	0.322811	0.026885	-0.784899	0.528208
-10.770036	-0.575024	0.115023	0.323770	0.028093	-0.783806	0.529180
-10.769836	-0.575524	0.115123	0.324724	0.029303	-0.782711	0.530150
-10.769636	-0.576024	0.115223	0.325674	0.030517	-0.781613	0.531118
-10.769436	-0.576524	0.115323	0.326620	0.031733	-0.780512	0.532084
-10.769237	-0.577024	0.115423	0.327561	0.032953	-0.779408	0.533048
-10.769037	-0.577524	0.115523	0.328499	0.034176	-0.778301	0.534011
-10.768837	-0.578024	0.115623	0.329432	0.035402	-0.777192	0.534971
-10.768637	-0.578524	0.115724	0.330361	0.036632	-0.776080	0.535929
-10.768437	-0.579024	0.115824	0.331286	0.037864	-0.774965	0.536885
-10.768237	-0.579524	0.115924	0.332206	0.039099	-0.773847	0.537839
-10.768037	-0.580024	0.116024	0.333122	0.040338	-0.772726	0.538791
-10.767837	-0.580524	0.116124	0.334034	0.041580	-0.771603	0.539742
-10.767637	-0.581024	0.116224	0.334942	0.042825	-0.770477	0.540690
-10.767437	-0.581524	0.116324	0.335845	0.044072	-0.769348	0.541635
-10.767237	-0.582024	0.116424	0.336744	0.045323	-0.768217	0.542579
-10.767037	-0.582524	0.116524	0.337639	0.046577	-0.767083	0.543521
-10.766837	-0.583024	0.116624	0.338529	0.047835	-0.765946	0.544460
-10.766637	-0.583525	0.116724	0.339415	0.049095	-0.764806	0.545397
-10.766437	-0.584025	0.116824	0.340297	0.050358	-0.763664	0.546333
-10.766237	-0.584525	0.116924	0.341174	0.051624	-0.762519	0.547265
-10.766037	-0.585025	0.117024	0.342047	0.052893	-0.761372	0.548196
-10.765837	-0.585525	0.117124	0.342916	0.054166	-0.760222	0.549124
-10.765637	-0.586025	0.117224	0.343780	0.055441	-0.759069	0.550051
-10.765437	-0.586525	0.117324	0.344640	0.056719	-0.757914	0.550974
-10.765237	-0.587025	0.117424	0.345496	0.058001	-0.756756	0.551896
-10.765037	-0.587525	0.117524	0.346347	0.059285	-0.755595	0.552815
-10.764837	-0.588025	0.117624	0.347194	0.060572	-0.754432	0.553732
-10.764637	-0.588525	0.117724	0.348036	0.061862	-0.753267	0.554647
-10.764437	-0.589025	0.117824	0.348874	0.063156	-0.752099	0.555559
-10.764237	-0.589525	0.117924	0.349708	0.064452	-0.750928	0.556468
-10.764037	-0.590025	0.118024	0.350537	0.065751	-0.749755	0.557376
-10.763837	-0.590525	0.118124	0.351362	0.067053	-0.748580	0.558281
-10.763637	-0.591025	0.118224	0.352182	0.068358	-0.747402	0.559183
-10.763437	-0.591525	0.118324	0.352998	0.069666	-0.746221	0.560083
-10.763237	-0.592025	0.118424	0.353809	0.070977	-0.745038	0.560981
-10.763037	-0.592525	0.118524	0.354616	0.072290	-0.743853	0.561876
-10.762837	-0.593025	0.118624	0.355418	0.073607	-0.742665	0.562768
-10.762637	-0.593525	0.118724	0.356216	0.074926	-0.741475	0.563658
-10.762437	-0.594025	0.118824	0.357010	0.076249	-0.740283	0.564546
-10.762237	-0.594525	0.118924	0.357799	0.077574	-0.739088	0.565430
-10.762037	-0.595026	0.119024	0.358583	0.078902	-0.737891	0.566313
-10.761837	-0.595526	0.119124	0.359363	0.080233	-0.736691	0.567192
-10.761637	-0.596026	0.119224	0.360139	0.081566	-0.735489	0.568069
-10.761437	-0.596526	0.119324	0.360910	0.082903	-0.734285	0.568944
-10.761237	-0.597026	0.119424	0.361676	0.084242	-0.733078	0.569816
-10.761037	-0.597526	0.119524	0.362438	0.085584	-0.731870	0.570685
-10.760837	-0.598026	0.119624	0.363195	0.086929	-0.730658	0.571551
-10.760637	-0.598526	0.119724	0.363948	0.088277	-0.729445	0.572415
-10.760437	-0.599026	0.119824	0.364697	0.089627	-0.728230	0.573276
-10.760237	-0.599526	0.119924	0.365441	0.090981	-0.727012	0.574134
-10.760037	-0.600026	0.120024	0.366180	0.092337	-0.725792	0.574989
-10.759837	-0.600526	0.120124	0.366915	0.093695	-0.724570	0.575842
-10.759637	-0.601026	0.120224	0.367645	0.095057	-0.723345	0.576692
-10.759437	-0.601526	0.120324	0.368370	0.096421	-0.722119	0.577539
-10.759237	-0.602026	0.120424	0.369091	0.097788	-0.720890	0.578383
-10.759037	-0.602526	0.120525	0.369808	0.099157	-0.719659	0.579224
-10.758837	-0.603026	0.120625	0.370520	0.100530	-0.718426	0.580063
-10.758637	-0.603526	0.120725	0.371227	0.101904	-0.717191	0.580899
-10.758437	-0.604026	0.120825	0.371930	0.103282	-0.715954	0.581731
-10.758237	-0.604526	0.120925	0.372628	0.104662	-0.714715	0.582561
-10.758037	-0.605026	0.121025	0.373321	0.106045	-0.713473	0.583388
-10.757837	-0.605526	0.121125	0.374010	0.107430	-0.712230	0.584212
-10.757637	-0.606026	0.121225	0.374695	0.108819	-0.710985	0.585033
-10.757437	-0.606526	0.121325	0.375374	0.110209	-0.709737	0.585851
-10.757237	-0.607027	0.121425	0.376049	0.111603	-0.708488	0.586666
-10.757037	-0.607527	0.121525	0.376720	0.112998	-0.707236	0.587478
-10.756837	-0.608027	0.121625	0.377386	0.114397	-0.705983	0.588287
-10.756637	-0.608527	0.121725	0.378047	0.115798	-0.704728	0.589093
-10.756437	-0.609027	0.121825	0.378704	0.117201	-0.703471	0.589895
-10.756237	-0.609527	0.121925	0.379356	0.118607	-0.702211	0.590695
-10.756037	-0.610027	0.122025	0.380003	0.120016	-0.700950	0.591492
-10.755837	-0.610527	0.122125	0.380646	0.121427	-0.699688	0.592285
-10.755637	-0.611027	0.122225	0.381284	0.122841	-0.698423	0.593076
-10.755437	-0.611527	0.122325	0.381917	0.124257	-0.697156	0.593863
-10.755237	-0.612027	0.122425	0.382546	0.125675	-0.695888	0.594647
-10.755037	-0.612527	0.122525	0.383170	0.127096	-0.694617	0.595428
-10.754837	-0.613027	0.122625	0.383789	0.128520	-0.693345	0.596205
-10.754637	-0.613527	0.122725	0.384404	0.129946	-0.692071	0.596980
-10.754437	-0.614027	0.122825	0.385014	0.131374	-0.690795	0.597751
-10.754237	-0.614527	0.122925	0.385620	0.132805	-0.689518	0.598519
-10.754037	-0.615027	0.123025	0.386221	0.134238	-0.688239	0.599284
-10.753837	-0.615527	0.123125	0.386817	0.135674	-0.686958	0.600045
-10.753637	-0.616027	0.123225	0.387408	0.137111	-0.685675	0.600803
-10.753437	-0.616527	0.123325	0.387995	0.138552	-0.684391	0.601558
-10.753237	-0.617027	0.123425	0.388577	0.139994	-0.683105	0.602310
-10.753037	-0.617527	0.123525	0.389155	0.141439	-0.681817	0.603058
-10.752837	-0.618027	0.123625	0.389728	0.142887	-0.680528	0.603803
-10.752637	-0.618528	0.123725	0.390296	0.144336	-0.679237	0.604544
-10.752437	-0.619028	0.123825	0.390859	0.145788	-0.677944	0.605282
-10.752237	-0.619528	0.123925	0.391418	0.147242	-0.676650	0.606017
-10.752037	-0.620028	0.124025	0.391972	0.148699	-0.675354	0.606748
-10.751837	-0.620528	0.124125	0.392521	0.150157	-0.674057	0.607476
-10.751637	-0.621028	0.124225	0.393066	0.151618	-0.672758	0.608200
-10.751437	-0.621528	0.124325	0.393606	0.153081	-0.671458	0.608921
-10.751237	-0.622028	0.124425	0.394141	0.154547	-0.670156	0.609639
-10.751037	-0.622528	0.124525	0.394672	0.156014	-0.668852	0.610353
-10.750837	-0.623028	0.124625	0.395198	0.157484	-0.667547	0.611063
-10.750637	-0.623528	0.124725	0.395719	0.158956	-0.666241	0.611770
-10.750437	-0.624028	0.124825	0.396236	0.160430	-0.664933	0.612473
-10.750237	-0.624528	0.124925	0.396748	0.161906	-0.663624	0.613173
-10.750037	-0.625028	0.125025	0.397255	0.163385	-0.662313	0.613869
-10.749837	-0.625528	0.125125	0.397757	0.164865	-0.661001	0.614562
-10.749637	-0.626028	0.125225	0.398255	0.166348	-0.659687	0.615251
-10.749437	-0.626528	0.125326	0.398748	0.167832	-0.658373	0.615936
-10.749237	-0.627028	0.125426	0.399236	0.169319	-0.657056	0.616618
-10.749037	-0.627528	0.125526	0.399720	0.170808	-0.655739	0.617296
-10.748837	-0.628028	0.125626	0.400199	0.172299	-0.654420	0.617971
-10.748637	-0.628528	0.125726	0.400673	0.173792	-0.653100	0.618642
-10.748437	-0.629028	0.125826	0.401143	0.175287	-0.651779	0.619309
-10.748237	-0.629528	0.125926	0.401608	0.176784	-0.650456	0.619972
-10.748037	-0.630028	0.126026	0.402068	0.178283	-0.649132	0.620632
-10.747837	-0.630529	0.126126	0.402524	0.179784	-0.647807	0.621288
-10.747637	-0.631029	0.126226	0.402974	0.181287	-0.646480	0.621940
-10.747437	-0.631529	0.126326	0.403420	0.182791	-0.645153	0.622589
-10.747237	-0.632029	0.126426	0.403862	0.184298	-0.643824	0.623234
-10.747037	-0.632529	0.126526	0.404299	0.185807	-0.642494	0.623875
-10.746837	-0.633029	0.126626	0.404731	0.187317	-0.641163	0.624512
-10.746637	-0.633529	0.126726	0.405158	0.188830	-0.639831	0.625145
-10.746437	-0.634029	0.126826	0.405581	0.190344	-0.638498	0.625775
-10.746237	-0.634529	0.126926	0.405999	0.191861	-0.637163	0.626401
-10.746037	-0.635029	0.127026	0.406412	0.193379	-0.635828	0.627022
-10.745837	-0.635529	0.127126	0.406821	0.194899	-0.634491	0.627640
-10.745637	-0.636029	0.127226	0.407225	0.196420	-0.633154	0.628255
-10.745437	-0.636529	0.127326	0.407624	0.197944	-0.631815	0.628865
-10.745237	-0.637029	0.127426	0.408018	0.199469	-0.630475	0.629471
-10.745037	-0.637529	0.127526	0.408408	0.200996	-0.629135	0.630074
-10.744837	-0.638029	0.127626	0.408793	0.202525	-0.627793	0.630672
-10.744637	-0.638529	0.127726	0.409174	0.204056	-0.626451	0.631267
-10.744437	-0.639029	0.127826	0.409550	0.205588	-0.625107	0.631857
-10.744237	-0.639529	0.127926	0.409921	0.207122	-0.623763	0.632444
-10.744037	-0.640029	0.128026	0.410288	0.208658	-0.622417	0.633026
-10.743838	-0.640529	0.128126	0.410650	0.210196	-0.621071	0.633605
-10.743638	-0.641029	0.128226	0.411007	0.211735	-0.619724	0.634180
-10.743438	-0.641529	0.128326	0.411359	0.213275	-0.618376	0.634750
-10.743238	-0.642030	0.128426	0.411707	0.214818	-0.617027	0.635317
-10.743038	-0.642530	0.128526	0.412050	0.216362	-0.615678	0.635880
-10.742838	-0.643030	0.128626	0.412389	0.217907	-0.614327	0.636438
-10.742638	-0.643530	0.128726	0.412723	0.219455	-0.612976	0.636993
-10.742438	-0.644030	0.128826	0.413052	0.221003	-0.611624	0.637543
-10.742238	-0.644530	0.128926	0.413377	0.222554	-0.610271	0.638089
-10.742038	-0.645030	0.129026	0.413697	0.224106	-0.608918	0.638632
-10.741838	-0.645530	0.129126	0.414012	0.225659	-0.607564	0.639170
-10.741638	-0.646030	0.129226	0.414323	0.227214	-0.606209	0.639704
-10.741438	-0.646530	0.129326	0.414629	0.228771	-0.604853	0.640234
-10.741238	-0.647030	0.129426	0.414931	0.230329	-0.603497	0.640759
-10.741038	-0.647530	0.129526	0.415228	0.231888	-0.602140	0.641281
-10.740838	-0.648030	0.129626	0.415520	0.233449	-0.600783	0.641798
-10.740638	-0.648530	0.129726	0.415808	0.235011	-0.599425	0.642311
-10.740438	-0.649030	0.129826	0.416091	0.236575	-0.598066	0.642820
-10.740238	-0.649530	0.129926	0.416369	0.238140	-0.596706	0.643325
-10.740038	-0.650030	0.130026	0.416643	0.239706	-0.595347	0.643826
-10.739838	-0.650530	0.130127	0.416913	0.241274	-0.593986	0.644322
-10.739638	-0.651030	0.130227	0.417177	0.242844	-0.592625	0.644814
-10.739438	-0.651530	0.130327	0.417437	0.244414	-0.591264	0.645302
-10.739238	-0.652030	0.130427	0.417693	0.245986	-0.589902	0.645786
-10.739038	-0.652530	0.130527	0.417944	0.247559	-0.588539	0.646265
-10.738838	-0.653030	0.130627	0.418190	0.249134	-0.587176	0.646740
-10.738638	-0.653530	0.130727	0.418432	0.250709	-0.585813	0.647211
-10.738438	-0.654031	0.130827	0.418669	0.252287	-0.584449	0.647678
-10.738238	-0.654531	0.130927	0.418902	0.253865	-0.583085	0.648140
-10.738038	-0.655031	0.131027	0.419130	0.255444	-0.581720	0.648598
-10.737838	-0.655531	0.131127	0.419354	0.257025	-0.580355	0.649052
-10.737638	-0.656031	0.131227	0.419573	0.258607	-0.578990	0.649501
-10.737438	-0.656531	0.131327	0.419787	0.260190	-0.577624	0.649946
-10.737238	-0.657031	0.131427	0.419997	0.261774	-0.576258	0.650386
-10.737038	-0.657531	0.131527	0.420203	0.263360	-0.574892	0.650823
-10.736838	-0.658031	0.131627	0.420404	0.264946	-0.573526	0.651255
-10.736638	-0.658531	0.131727	0.420600	0.266534	-0.572159	0.651682
-10.736438	-0.659031	0.131827	0.420792	0.268123	-0.570792	0.652105
-10.736238	-0.659531	0.131927	0.420980	0.269713	-0.569424	0.652524
-10.736038	-0.660031	0.132027	0.421163	0.271304	-0.568057	0.652938
-10.735838	-0.660531	0.132127	0.421341	0.272896	-0.566689	0.653348
-10.735638	-0.661031	0.132227	0.421515	0.274489	-0.565321	0.653753
-10.735438	-0.661531	0.132327	0.421685	0.276083	-0.563952	0.654154
-10.735238	-0.662031	0.132427	0.421850	0.277678	-0.562584	0.654551
-10.735038	-0.662531	0.132527	0.422010	0.279274	-0.561216	0.654943
-10.734838	-0.663031	0.132627	0.422166	0.280871	-0.559847	0.655331
-10.734638	-0.663531	0.132727	0.422318	0.282469	-0.558478	0.655714
-10.734438	-0.664031	0.132827	0.422465	0.284068	-0.557109	0.656093
-10.734238	-0.664531	0.132927	0.422608	0.285668	-0.555741	0.656467
-10.734038	-0.665031	0.133027	0.422747	0.287268	-0.554372	0.656837
-10.733838	-0.665532	0.133127	0.422880	0.288870	-0.553003	0.657202
-10.733638	-0.666032	0.133227	0.423010	0.290472	-0.551634	0.657563
-10.733438	-0.666532	0.133327	0.423135	0.292076	-0.550265	0.657919
-10.733238	-0.667032	0.133427	0.423256	0.293680	-0.548896	0.658271
-10.733038	-0.667532	0.133527	0.423372	0.295285	-0.547527	0.658618
-10.732838	-0.668032	0.133627	0.423484	0.296891	-0.546158	0.658960
-10.732638	-0.668532	0.133727	0.423592	0.298498	-0.544789	0.659298
-10.732438	-0.669032	0.133827	0.423695	0.300105	-0.543420	0.659632
-10.732238	-0.669532	0.133927	0.423794	0.301713	-0.542051	0.659961
-10.732038	-0.670032	0.134027	0.423889	0.303322	-0.540682	0.660285
-10.731838	-0.670532	0.134127	0.423979	0.304932	-0.539314	0.660605
-10.731638	-0.671032	0.134227	0.424065	0.306542	-0.537945	0.660921
-10.731438	-0.671532	0.134327	0.424146	0.308153	-0.536577	0.661231
-10.731238	-0.672032	0.134427	0.424223	0.309765	-0.535209	0.661537
-10.731038	-0.672532	0.134527	0.424296	0.311377	-0.533841	0.661839
-10.730838	-0.673032	0.134627	0.424365	0.312990	-0.532474	0.662136
-10.730638	-0.673532	0.134727	0.424429	0.314604	-0.531106	0.662428
-10.730438	-0.674032	0.134827	0.424489	0.316218	-0.529739	0.662716
-10.730238	-0.674532	0.134928	0.424545	0.317833	-0.528372	0.662999
-10.730038	-0.675032	0.135028	0.424596	0.319448	-0.527005	0.663277
-10.729838	-0.675532	0.135128	0.424643	0.321065	-0.525639	0.663551
-10.729638	-0.676032	0.135228	0.424686	0.322681	-0.524273	0.663820
-10.729438	-0.676532	0.135328	0.424725	0.324298	-0.522907	0.664084
-10.729238	-0.677032	0.135428	0.424759	0.325916	-0.521541	0.664344
-10.729038	-0.677533	0.135528	0.424790	0.327534	-0.520176	0.664599
-10.728838	-0.678033	0.135628	0.424816	0.329152	-0.518811	0.664850
-10.728638	-0.678533	0.135728	0.424837	0.330772	-0.517447	0.665095
-10.728438	-0.679033	0.135828	0.424855	0.332391	-0.516083	0.665337
-10.728238	-0.679533	0.135928	0.424868	0.334011	-0.514719	0.665573
-10.728038	-0.680033	0.136028	0.424878	0.335631	-0.513356	0.665805
-10.727838	-0.680533	0.136128	0.424883	0.337252	-0.511993	0.666032
-10.727638	-0.681033	0.136228	0.424884	0.338873	-0.510631	0.666254
-10.727438	-0.681533	0.136328	0.424880	0.340495	-0.509269	0.666472
-10.727238	-0.682033	0.136428	0.424873	0.342117	-0.507908	0.666685
-10.727038	-0.682533	0.136528	0.424861	0.343739	-0.506547	0.666893
-10.726838	-0.683033	0.136628	0.424846	0.345361	-0.505187	0.667097
-10.726638	-0.683533	0.136728	0.424826	0.346984	-0.503827	0.667296
-10.726438	-0.684033	0.136828	0.424802	0.348607	-0.502468	0.667490
-10.726238	-0.684533	0.136928	0.424774	0.350231	-0.501109	0.667679
-10.726038	-0.685033	0.137028	0.424742	0.351854	-0.499751	0.667864
-10.725838	-0.685533	0.137128	0.424706	0.353478	-0.498393	0.668044
-10.725638	-0.686033	0.137228	0.424666	0.355102	-0.497036	0.668219
-10.725438	-0.686533	0.137328	0.424622	0.356727	-0.495680	0.668389
-10.725238	-0.687033	0.137428	0.424573	0.358351	-0.494324	0.668555
-10.725038	-0.687533	0.137528	0.424521	0.359976	-0.492969	0.668716
-10.724838	-0.688033	0.137628	0.424465	0.361601	-0.491615	0.668872
-10.724638	-0.688533	0.137728	0.424404	0.363226	-0.490261	0.669023
-10.724438	-0.689034	0.137828	0.424340	0.364851	-0.488908	0.669170
-10.724238	-0.689534	0.137928	0.424272	0.366476	-0.487556	0.669312
-10.724038	-0.690034	0.138028	0.424199	0.368101	-0.486204	0.669449
-10.723838	-0.690534	0.138128	0.424123	0.369727	-0.484853	0.669581
-10.723638	-0.691034	0.138228	0.424043	0.371352	-0.483503	0.669709
-10.723438	-0.691534	0.138328	0.423959	0.372978	-0.482154	0.669832
-10.723238	-0.692034	0.138428	0.423870	0.374603	-0.480805	0.669950
-10.723038	-0.692534	0.138528	0.423778	0.376229	-0.479458	0.670063
-10.722838	-0.693034	0.138628	0.423682	0.377855	-0.478111	0.670171
-10.722638	-0.693534	0.138728	0.423583	0.379480	-0.476764	0.670275
-10.722438	-0.694034	0.138828	0.423479	0.381106	-0.475419	0.670374
-10.722238	-0.694534	0.138928	0.423371	0.382731	-0.474075	0.670468
-10.722038	-0.695034	0.139028	0.423260	0.384356	-0.472731	0.670557
-10.721838	-0.695534	0.139128	0.423144	0.385982	-0.471388	0.670641
-10.721638	-0.696034	0.139228	0.423025	0.387607	-0.470047	0.670721
-10.721438	-0.696534	0.139328	0.422902	0.389232	-0.468706	0.670796
-10.721238	-0.697034	0.139428	0.422775	0.390857	-0.467366	0.670866
-10.721038	-0.697534	0.139528	0.422644	0.392482	-0.466027	0.670931
-10.720838	-0.698034	0.139628	0.422510	0.394107	-0.464689	0.670992
-10.720638	-0.698534	0.139729	0.422372	0.395731	-0.463351	0.671047
-10.720438	-0.699034	0.139829	0.422229	0.397356	-0.462015	0.671098
-10.720238	-0.699534	0.139929	0.422084	0.398980	-0.460680	0.671144
-10.720038	-0.700034	0.140029	0.421934	0.400604	-0.459346	0.671185
-10.719838	-0.700535	0.140129	0.421781	0.402227	-0.458013	0.671222
-10.719638	-0.701035	0.140229	0.421624	0.403851	-0.456681	0.671253
-10.719438	-0.701535	0.140329	0.421463	0.405474	-0.455349	0.671280
-10.719238	-0.702035	0.140429	0.421298	0.407097	-0.454019	0.671302
-10.719038	-0.702535	0.140529	0.421130	0.408719	-0.452690	0.671319
-10.718838	-0.703035	0.140629	0.420958	0.410342	-0.451362	0.671331
-10.718639	-0.703535	0.140729	0.420783	0.411964	-0.450036	0.671339
-10.718439	-0.704035	0.140829	0.420603	0.413585	-0.448710	0.671342
-10.718239	-0.704535	0.140929	0.420420	0.415206	-0.447385	0.671339
-10.718039	-0.705035	0.141029	0.420234	0.416827	-0.446062	0.671332
-10.717839	-0.705535	0.141129	0.420044	0.418448	-0.444740	0.671321
-10.717639	-0.706035	0.141229	0.419850	0.420068	-0.443418	0.671304
-10.717439	-0.706535	0.141329	0.419653	0.421688	-0.442098	0.671283
-10.717239	-0.707035	0.141429	0.419452	0.423307	-0.440780	0.671256
-10.717039	-0.707535	0.141529	0.419247	0.424926	-0.439462	0.671225
-10.716839	-0.708035	0.141629	0.419039	0.426544	-0.438146	0.671189
-10.716639	-0.708535	0.141729	0.418828	0.428162	-0.436830	0.671148
-10.716439	-0.709035	0.141829	0.418612	0.429779	-0.435516	0.671103
-10.716239	-0.709535	0.141929	0.418394	0.431396	-0.434204	0.671052
-10.716039	-0.710035	0.142029	0.418171	0.433012	-0.432892	0.670997
-10.715839	-0.710535	0.142129	0.417946	0.434628	-0.431582	0.670937
-10.715639	-0.711035	0.142229	0.417717	0.436243	-0.430273	0.670872
-10.715439	-0.711535	0.142329	0.417484	0.437858	-0.428966	0.670803
-10.715239	-0.712035	0.142429	0.417248	0.439472	-0.427659	0.670728
-10.715039	-0.712536	0.142529	0.417008	0.441085	-0.426354	0.670649
-10.714839	-0.713036	0.142629	0.416765	0.442698	-0.425051	0.670565
-10.714639	-0.713536	0.142729	0.416519	0.444311	-0.423748	0.670476
-10.714439	-0.714036	0.142829	0.416269	0.445922	-0.422447	0.670382
-10.714239	-0.714536	0.142929	0.416016	0.447533	-0.421148	0.670283
-10.714039	-0.715036	0.143029	0.415759	0.449143	-0.419849	0.670180
-10.713839	-0.715536	0.143129	0.415499	0.450753	-0.418552	0.670072
-10.713639	-0.716036	0.143229	0.415236	0.452362	-0.417257	0.669959
-10.713439	-0.716536	0.143329	0.414969	0.453970	-0.415963	0.669841
-10.713239	-0.717036	0.143429	0.414699	0.455578	-0.414670	0.669718
-10.713039	-0.717536	0.143529	0.414425	0.457184	-0.413379	0.669591
-10.712839	-0.718036	0.143629	0.414149	0.458790	-0.412089	0.669459
-10.712639	-0.718536	0.143729	0.413869	0.460395	-0.410801	0.669322
-10.712439	-0.719036	0.143829	0.413585	0.462000	-0.409514	0.669180
-10.712239	-0.719536	0.143929	0.413299	0.463603	-0.408229	0.669033
-10.712039	-0.720036	0.144029	0.413009	0.465206	-0.406945	0.668882
-10.711839	-0.720536	0.144129	0.412716	0.466808	-0.405662	0.668725
-10.711639	-0.721036	0.144229	0.412420	0.468409	-0.404381	0.668564
-10.711439	-0.721536	0.144329	0.412120	0.470010	-0.403102	0.668398
-10.711239	-0.722036	0.144429	0.411818	0.471609	-0.401824	0.668228
-10.711039	-0.722536	0.144530	0.411512	0.473208	-0.400548	0.668052
-10.710839	-0.723036	0.144630	0.411203	0.474805	-0.399273	0.667872
-10.710639	-0.723536	0.144730	0.410891	0.476402	-0.398000	0.667687
-10.710439	-0.724037	0.144830	0.410575	0.477998	-0.396728	0.667498
-10.710239	-0.724537	0.144930	0.410257	0.479593	-0.395458	0.667303
-10.710039	-0.725037	0.145030	0.409935	0.481186	-0.394190	0.667104
-10.709839	-0.725537	0.145130	0.409610	0.482779	-0.392923	0.666900
-10.709639	-0.726037	0.145230	0.409283	0.484371	-0.391657	0.666691
-10.709439	-0.726537	0.145330	0.408952	0.485962	-0.390394	0.666477
-10.709239	-0.727037	0.145430	0.408618	0.487552	-0.389132	0.666259
-10.709039	-0.727537	0.145530	0.408281	0.489141	-0.387871	0.666036
-10.708839	-0.728037	0.145630	0.407941	0.490729	-0.386613	0.665808
-10.708639	-0.728537	0.145730	0.407598	0.492316	-0.385355	0.665575
-10.708439	-0.729037	0.145830	0.407251	0.493902	-0.384100	0.665338
-10.708239	-0.729537	0.145930	0.406902	0.495487	-0.382846	0.665096
-10.708039	-0.730037	0.146030	0.406550	0.497070	-0.381594	0.664849
-10.707839	-0.730537	0.146130	0.406195	0.498653	-0.380344	0.664597
-10.707639	-0.731037	0.146230	0.405837	0.500234	-0.379095	0.664341
-10.707439	-0.731537	0.146330	0.405476	0.501815	-0.377848	0.664080
-10.707239	-0.732037	0.146430	0.405112	0.503394	-0.376603	0.663814
-10.707039	-0.732537	0.146530	0.404745	0.504972	-0.375359	0.663544
-10.706839	-0.733037	0.146630	0.404376	0.506549	-0.374118	0.663268
-10.706639	-0.733537	0.146730	0.404003	0.508124	-0.372878	0.662988
-10.706439	-0.734037	0.146830	0.403628	0.509699	-0.371639	0.662704
-10.706239	-0.734537	0.146930	0.403249	0.511272	-0.370403	0.662414
-10.706039	-0.735037	0.147030	0.402868	0.512844	-0.369168	0.662120
-10.705839	-0.735537	0.147130	0.402484	0.514415	-0.367935	0.661821
-10.705639	-0.736038	0.147230	0.402097	0.515985	-0.366704	0.661518
-10.705439	-0.736538	0.147330	0.401707	0.517553	-0.365475	0.661210
-10.705239	-0.737038	0.147430	0.401315	0.519120	-0.364247	0.660897
-10.705039	-0.737538	0.147530	0.400919	0.520686	-0.363021	0.660579
-10.704839	-0.738038	0.147630	0.400521	0.522251	-0.361797	0.660257
-10.704639	-0.738538	0.147730	0.400121	0.523814	-0.360575	0.659930
-10.704439	-0.739038	0.147830	0.399717	0.525376	-0.359355	0.659599
-10.704239	-0.739538	0.147930	0.399311	0.526936	-0.358137	0.659263
-10.704039	-0.740038	0.148030	0.398902	0.528496	-0.356920	0.658922
-10.703839	-0.740538	0.148130	0.398490	0.530053	-0.355705	0.658576
-10.703639	-0.741038	0.148230	0.398076	0.531610	-0.354493	0.658226
-10.703439	-0.741538	0.148330	0.397659	0.533165	-0.353282	0.657871
-10.703239	-0.742038	0.148430	0.397239	0.534719	-0.352073	0.657512
-10.703039	-0.742538	0.148530	0.396817	0.536271	-0.350866	0.657148
-10.702839	-0.743038	0.148630	0.396392	0.537822	-0.349660	0.656779
-10.702639	-0.743538	0.148730	0.395964	0.539372	-0.348457	0.656406
-10.702439	-0.744038	0.148830	0.395534	0.540920	-0.347256	0.656028
-10.702239	-0.744538	0.148930	0.395101	0.542466	-0.346056	0.655645
-10.702039	-0.745038	0.149030	0.394666	0.544012	-0.344859	0.655258
-10.701839	-0.745538	0.149130	0.394228	0.545555	-0.343663	0.654866
-10.701639	-0.746038	0.149230	0.393787	0.547097	-0.342469	0.654470
-10.701439	-0.746538	0.149331	0.393344	0.548638	-0.341278	0.654069
-10.701239	-0.747038	0.149431	0.392899	0.550177	-0.340088	0.653663
-10.701039	-0.747539	0.149531	0.392450	0.551715	-0.338900	0.653253
-10.700839	-0.748039	0.149631	0.392000	0.553251	-0.337714	0.652839
-10.700639	-0.748539	0.149731	0.391547	0.554786	-0.336530	0.652419
-10.700439	-0.749039	0.149831	0.391091	0.556319	-0.335349	0.651995
-10.700239	-0.749539	0.149931	0.390633	0.557850	-0.334169	0.651567
-10.700039	-0.750039	0.150031	0.390173	0.559380	-0.332991	0.651134
-10.699839	-0.750539	0.150131	0.389710	0.560909	-0.331815	0.650697
-10.699639	-0.751039	0.150231	0.389245	0.562435	-0.330641	0.650255
-10.699439	-0.751539	0.150331	0.388777	0.563961	-0.329470	0.649808
-10.699239	-0.752039	0.150431	0.388307	0.565484	-0.328300	0.649357
-10.699039	-0.752539	0.150531	0.387835	0.567006	-0.327132	0.648901
-10.698839	-0.753039	0.150631	0.387360	0.568526	-0.325966	0.648441
-10.698639	-0.753539	0.150731	0.386883	0.570045	-0.324803	0.647977
-10.698439	-0.754039	0.150831	0.386404	0.571562	-0.323641	0.647508
-10.698239	-0.754539	0.150931	0.385922	0.573077	-0.322482	0.647034
-10.698039	-0.755039	0.151031	0.385438	0.574590	-0.321324	0.646556
-10.697839	-0.755539	0.151131	0.384951	0.576102	-0.320169	0.646073
-10.697639	-0.756039	0.151231	0.384463	0.577612	-0.319015	0.645586
-10.697439	-0.756539	0.151331	0.383972	0.579121	-0.317864	0.645095
-10.697239	-0.757039	0.151431	0.383479	0.580628	-0.316715	0.644599
-10.697039	-0.757539	0.151531	0.382983	0.582133	-0.315568	0.644098
-10.696839	-0.758039	0.151631	0.382486	0.583636	-0.314423	0.643593
-10.696639	-0.758539	0.151731	0.381986	0.585137	-0.313280	0.643084
-10.696439	-0.759039	0.151831	0.381484	0.586637	-0.312139	0.642570
-10.696239	-0.759540	0.151931	0.380980	0.588135	-0.311000	0.642052
-10.696039	-0.760040	0.152031	0.380474	0.589631	-0.309864	0.641529
-10.695839	-0.760540	0.152131	0.379965	0.591125	-0.308729	0.641002
-10.695639	-0.761040	0.152231	0.379454	0.592618	-0.307597	0.640471
-10.695439	-0.761540	0.152331	0.378942	0.594108	-0.306467	0.639935
-10.695239	-0.762040	0.152431	0.378427	0.595597	-0.305339	0.639394
-10.695039	-0.762540	0.152531	0.377910	0.597084	-0.304213	0.638850
-10.694839	-0.763040	0.152631	0.377391	0.598569	-0.303089	0.638301
-10.694639	-0.763540	0.152731	0.376870	0.600053	-0.301968	0.637747
-10.694439	-0.764040	0.152831	0.376346	0.601534	-0.300848	0.637190
-10.694239	-0.764540	0.152931	0.375821	0.603013	-0.299731	0.636627
-10.694039	-0.765040	0.153031	0.375294	0.604491	-0.298616	0.636061
-10.693839	-0.765540	0.153131	0.374765	0.605967	-0.297503	0.635490
-10.693639	-0.766040	0.153231	0.374233	0.607441	-0.296392	0.634915
-10.693439	-0.766540	0.153331	0.373700	0.608913	-0.295284	0.634335
-10.693240	-0.767040	0.153431	0.373165	0.610382	-0.294177	0.633752
-10.693040	-0.767540	0.153531	0.372628	0.611850	-0.293073	0.633163
-10.692840	-0.768040	0.153631	0.372088	0.613317	-0.291971	0.632571
-10.692640	-0.768540	0.153731	0.371547	0.614781	-0.290871	0.631974
-10.692440	-0.769040	0.153831	0.371004	0.616243	-0.289773	0.631373
-10.692240	-0.769540	0.153931	0.370459	0.617703	-0.288678	0.630768
-10.692040	-0.770040	0.154031	0.369912	0.619161	-0.287585	0.630158
-10.691840	-0.770540	0.154132	0.369364	0.620617	-0.286494	0.629544
-10.691640	-0.771041	0.154232	0.368813	0.622071	-0.285405	0.628926
-10.691440	-0.771541	0.154332	0.368260	0.623524	-0.284318	0.628304
-10.691240	-0.772041	0.154432	0.367706	0.624974	-0.283234	0.627677
-10.691040	-0.772541	0.154532	0.367150	0.626422	-0.282152	0.627046
-10.690840	-0.773041	0.154632	0.366592	0.627868	-0.281072	0.626411
-10.690640	-0.773541	0.154732	0.366032	0.629312	-0.279994	0.625772
-10.690440	-0.774041	0.154832	0.365470	0.630754	-0.278919	0.625128
-10.690240	-0.774541	0.154932	0.364907	0.632194	-0.277846	0.624481
-10.690040	-0.775041	0.155032	0.364342	0.633631	-0.276775	0.623829
-10.689840	-0.775541	0.155132	0.363775	0.635067	-0.275706	0.623172
-10.689640	-0.776041	0.155232	0.363206	0.636501	-0.274639	0.622512
-10.689440	-0.776541	0.155332	0.362636	0.637932	-0.273575	0.621848
-10.689240	-0.777041	0.155432	0.362064	0.639362	-0.272513	0.621179
-10.689040	-0.777541	0.155532	0.361490	0.640789	-0.271454	0.620506
-10.688840	-0.778041	0.155632	0.360914	0.642214	-0.270396	0.619829
-10.688640	-0.778541	0.155732	0.360337	0.643637	-0.269341	0.619148
-10.688440	-0.779041	0.155832	0.359758	0.645058	-0.268288	0.618463
-10.688240	-0.779541	0.155932	0.359178	0.646476	-0.267237	0.617773
-10.688040	-0.780041	0.156032	0.358596	0.647893	-0.266189	0.617080
-10.687840	-0.780541	0.156132	0.358012	0.649307	-0.265143	0.616382
-10.687640	-0.781041	0.156232	0.357426	0.650719	-0.264099	0.615680
-10.687440	-0.781541	0.156332	0.356839	0.652129	-0.263057	0.614975
-10.687240	-0.782041	0.156432	0.356251	0.653537	-0.262018	0.614265
-10.687040	-0.782541	0.156532	0.355661	0.654943	-0.260981	0.613551
-10.686840	-0.783042	0.156632	0.355069	0.656346	-0.259946	0.612833
-10.686640	-0.783542	0.156732	0.354475	0.657747	-0.258914	0.612111
-10.686440	-0.784042	0.156832	0.353881	0.659146	-0.257884	0.611384
-10.686240	-0.784542	0.156932	0.353284	0.660543	-0.256856	0.610654
-10.686040	-0.785042	0.157032	0.352686	0.661937	-0.255830	0.609920
-10.685840	-0.785542	0.157132	0.352087	0.663329	-0.254807	0.609182
-10.685640	-0.786042	0.157232	0.351486	0.664719	-0.253786	0.608439
-10.685440	-0.786542	0.157332	0.350884	0.666107	-0.252768	0.607693
-10.685240	-0.787042	0.157432	0.350280	0.667492	-0.251751	0.606943
-10.685040	-0.787542	0.157532	0.349675	0.668875	-0.250737	0.606189
-10.684840	-0.788042	0.157632	0.349068	0.670256	-0.249725	0.605430
-10.684640	-0.788542	0.157732	0.348460	0.671634	-0.248716	0.604668
-10.684440	-0.789042	0.157832	0.347850	0.673011	-0.247709	0.603902
-10.684240	-0.789542	0.157932	0.347239	0.674384	-0.246704	0.603132
-10.684040	-0.790042	0.158032	0.346627	0.675756	-0.245701	0.602358
-10.683840	-0.790542	0.158132	0.346013	0.677125	-0.244701	0.601580
-10.683640	-0.791042	0.158232	0.345398	0.678492	-0.243703	0.600798
-10.683440	-0.791542	0.158332	0.344781	0.679856	-0.242708	0.600012
-10.683240	-0.792042	0.158432	0.344163	0.681219	-0.241715	0.599222
-10.683040	-0.792542	0.158532	0.343544	0.682578	-0.240724	0.598428
-10.682840	-0.793042	0.158632	0.342924	0.683936	-0.239735	0.597631
-10.682640	-0.793542	0.158732	0.342302	0.685291	-0.238749	0.596829
-10.682440	-0.794042	0.158832	0.341679	0.686644	-0.237765	0.596024
-10.682240	-0.794543	0.158933	0.341054	0.687994	-0.236783	0.595215
-10.682040	-0.795043	0.159033	0.340429	0.689342	-0.235804	0.594401
-10.681840	-0.795543	0.159133	0.339802	0.690687	-0.234827	0.593584
-10.681640	-0.796043	0.159233	0.339173	0.692030	-0.233852	0.592764
-10.681440	-0.796543	0.159333	0.338544	0.693371	-0.232880	0.591939
-10.681240	-0.797043	0.159433	0.337913	0.694709	-0.231910	0.591111
-10.681040	-0.797543	0.159533	0.337281	0.696045	-0.230942	0.590278
-10.680840	-0.798043	0.159633	0.336648	0.697378	-0.229976	0.589442
-10.680640	-0.798543	0.159733	0.336014	0.698709	-0.229013	0.588602
-10.680440	-0.799043	0.159833	0.335379	0.700038	-0.228053	0.587759
-10.680240	-0.799543	0.159933	0.334742	0.701364	-0.227094	0.586911
-10.680040	-0.800043	0.160033	0.334104	0.702687	-0.226138	0.586060
-10.679840	-0.800543	0.160133	0.333465	0.704008	-0.225184	0.585205
-10.679640	-0.801043	0.160233	0.332825	0.705327	-0.224233	0.584346
-10.679440	-0.801543	0.160333	0.332184	0.706643	-0.223284	0.583484
-10.679240	-0.802043	0.160433	0.331542	0.707957	-0.222337	0.582618
-10.679040	-0.802543	0.160533	0.330898	0.709268	-0.221393	0.581748
-10.678840	-0.803043	0.160633	0.330254	0.710577	-0.220451	0.580874
-10.678640	-0.803543	0.160733	0.329608	0.711883	-0.219511	0.579997
-10.678440	-0.804043	0.160833	0.328961	0.713186	-0.218574	0.579116
-10.678240	-0.804543	0.160933	0.328314	0.714487	-0.217638	0.578231
-10.678040	-0.805043	0.161033	0.327665	0.715786	-0.216706	0.577343
-10.677840	-0.805543	0.161133	0.327015	0.717082	-0.215775	0.576451
-10.677640	-0.806043	0.161233	0.326364	0.718376	-0.214847	0.575555
-10.677440	-0.806544	0.161333	0.325712	0.719667	-0.213921	0.574656
-10.677240	-0.807044	0.161433	0.325060	0.720955	-0.212998	0.573753
-10.677040	-0.807544	0.161533	0.324406	0.722241	-0.212077	0.572846
-10.676840	-0.808044	0.161633	0.323751	0.723524	-0.211158	0.571936
-10.676640	-0.808544	0.161733	0.323095	0.724805	-0.210242	0.571022
-10.676440	-0.809044	0.161833	0.322438	0.726083	-0.209328	0.570104
-10.676240	-0.809544	0.161933	0.321781	0.727359	-0.208416	0.569183
-10.676040	-0.810044	0.162033	0.321122	0.728631	-0.207506	0.568259
-10.675840	-0.810544	0.162133	0.320463	0.729902	-0.206599	0.567330
-10.675640	-0.811044	0.162233	0.319802	0.731170	-0.205695	0.566399
-10.675440	-0.811544	0.162333	0.319141	0.732435	-0.204792	0.565463
-10.675240	-0.812044	0.162433	0.318478	0.733697	-0.203892	0.564524
-10.675040	-0.812544	0.162533	0.317815	0.734957	-0.202994	0.563582
-10.674840	-0.813044	0.162633	0.317151	0.736215	-0.202099	0.562636
-10.674640	-0.813544	0.162733	0.316486	0.737469	-0.201206	0.561686
-10.674440	-0.814044	0.162833	0.315821	0.738722	-0.200315	0.560733
-10.674240	-0.814544	0.162933	0.315154	0.739971	-0.199426	0.559777
-10.674040	-0.815044	0.163033	0.314487	0.741218	-0.198540	0.558817
-10.673840	-0.815544	0.163133	0.313818	0.742462	-0.197656	0.557853
-10.673640	-0.816044	0.163233	0.313149	0.743703	-0.196775	0.556886
-10.673440	-0.816544	0.163333	0.312479	0.744942	-0.195895	0.555916
-10.673240	-0.817044	0.163433	0.311809	0.746179	-0.195019	0.554942
-10.673040	-0.817544	0.163533	0.311137	0.747412	-0.194144	0.553965
-10.672840	-0.818045	0.163633	0.310465	0.748643	-0.193272	0.552984
-10.672640	-0.818545	0.163734	0.309792	0.749871	-0.192402	0.552000
-10.672440	-0.819045	0.163834	0.309119	0.751097	-0.191534	0.551012
-10.672240	-0.819545	0.163934	0.308444	0.752319	-0.190669	0.550021
-10.672040	-0.820045	0.164034	0.307769	0.753539	-0.189806	0.549027
-10.671840	-0.820545	0.164134	0.307093	0.754757	-0.188945	0.548029
-10.671640	-0.821045	0.164234	0.306416	0.755972	-0.188087	0.547028
-10.671440	-0.821545	0.164334	0.305739	0.757184	-0.187231	0.546023
-10.671240	-0.822045	0.164434	0.305061	0.758393	-0.186377	0.545015
-10.671040	-0.822545	0.164534	0.304382	0.759599	-0.185525	0.544004
-10.670840	-0.823045	0.164634	0.303703	0.760803	-0.184676	0.542989
-10.670640	-0.823545	0.164734	0.303023	0.762004	-0.183829	0.541972
-10.670440	-0.824045	0.164834	0.302342	0.763203	-0.182985	0.540950
-10.670240	-0.824545	0.164934	0.301661	0.764398	-0.182143	0.539926
-10.670040	-0.825045	0.165034	0.300979	0.765591	-0.181303	0.538898
-10.669840	-0.825545	0.165134	0.300297	0.766781	-0.180465	0.537867
-10.669640	-0.826045	0.165234	0.299613	0.767969	-0.179630	0.536832
-10.669440	-0.826545	0.165334	0.298930	0.769153	-0.178797	0.535795
-10.669240	-0.827045	0.165434	0.298245	0.770335	-0.177966	0.534754
-10.669040	-0.827545	0.165534	0.297560	0.771514	-0.177137	0.533709
-10.668840	-0.828045	0.165634	0.296875	0.772691	-0.176311	0.532662
-10.668640	-0.828545	0.165734	0.296189	0.773864	-0.175487	0.531611
-10.668440	-0.829045	0.165834	0.295502	0.775035	-0.174666	0.530557
-10.668240	-0.829545	0.165934	0.294815	0.776203	-0.173846	0.529500
-10.668040	-0.830046	0.166034	0.294127	0.777368	-0.173029	0.528440
-10.667841	-0.830546	0.166134	0.293439	0.778531	-0.172214	0.527376
-10.667641	-0.831046	0.166234	0.292750	0.779690	-0.171402	0.526309
-10.667441	-0.831546	0.166334	0.292061	0.780847	-0.170592	0.525239
-10.667241	-0.832046	0.166434	0.291371	0.782001	-0.169784	0.524166
-10.667041	-0.832546	0.166534	0.290681	0.783153	-0.168978	0.523090
-10.666841	-0.833046	0.166634	0.289990	0.784301	-0.168175	0.522011
-10.666641	-0.833546	0.166734	0.289299	0.785447	-0.167374	0.520928
-10.666441	-0.834046	0.166834	0.288607	0.786589	-0.166575	0.519842
-10.666241	-0.834546	0.166934	0.287915	0.787729	-0.165778	0.518753
-10.666041	-0.835046	0.167034	0.287222	0.788866	-0.164984	0.517662
-10.665841	-0.835546	0.167134	0.286529	0.790001	-0.164192	0.516567
-10.665641	-0.836046	0.167234	0.285836	0.791132	-0.163402	0.515468
-10.665441	-0.836546	0.167334	0.285142	0.792261	-0.162614	0.514367
-10.665241	-0.837046	0.167434	0.284447	0.793387	-0.161829	0.513263
-10.665041	-0.837546	0.167534	0.283753	0.794510	-0.161046	0.512156
-10.664841	-0.838046	0.167634	0.283058	0.795630	-0.160265	0.511045
-10.664641	-0.838546	0.167734	0.282362	0.796747	-0.159486	0.509932
-10.664441	-0.839046	0.167834	0.281666	0.797861	-0.158710	0.508815
-10.664241	-0.839546	0.167934	0.280970	0.798973	-0.157936	0.507696
-10.664041	-0.840046	0.168034	0.280273	0.800081	-0.157164	0.506573
-10.663841	-0.840546	0.168134	0.279576	0.801187	-0.156394	0.505448
-10.663641	-0.841046	0.168234	0.278879	0.802290	-0.155627	0.504319
-10.663441	-0.841547	0.168334	0.278181	0.803390	-0.154861	0.503187
-10.663241	-0.842047	0.168434	0.277483	0.804487	-0.154098	0.502053
-10.663041	-0.842547	0.168535	0.276785	0.805581	-0.153338	0.500915
-10.662841	-0.843047	0.168635	0.276086	0.806673	-0.152579	0.499775
-10.662641	-0.843547	0.168735	0.275388	0.807761	-0.151823	0.498632
-10.662441	-0.844047	0.168835	0.274688	0.808847	-0.151069	0.497485
-10.662241	-0.844547	0.168935	0.273989	0.809929	-0.150317	0.496336
-10.662041	-0.845047	0.169035	0.273289	0.811009	-0.149567	0.495184
-10.661841	-0.845547	0.169135	0.272589	0.812086	-0.148820	0.494029
-10.661641	-0.846047	0.169235	0.271889	0.813160	-0.148074	0.492871
-10.661441	-0.846547	0.169335	0.271188	0.814231	-0.147331	0.491710
-10.661241	-0.847047	0.169435	0.270487	0.815299	-0.146590	0.490546
-10.661041	-0.847547	0.169535	0.269786	0.816364	-0.145852	0.489379
-10.660841	-0.848047	0.169635	0.269085	0.817427	-0.145115	0.488210
-10.660641	-0.848547	0.169735	0.268383	0.818486	-0.144381	0.487037
-10.660441	-0.849047	0.169835	0.267682	0.819542	-0.143649	0.485862
-10.660241	-0.849547	0.169935	0.266980	0.820596	-0.142919	0.484684
-10.660041	-0.850047	0.170035	0.266278	0.821646	-0.142191	0.483503
-10.659841	-0.850547	0.170135	0.265575	0.822694	-0.141466	0.482319
-10.659641	-0.851047	0.170235	0.264873	0.823739	-0.140742	0.481132
-10.659441	-0.851547	0.170335	0.264170	0.824781	-0.140021	0.479943
-10.659241	-0.852047	0.170435	0.263467	0.825819	-0.139302	0.478751
-10.659041	-0.852547	0.170535	0.262764	0.826855	-0.138585	0.477556
-10.658841	-0.853048	0.170635	0.262061	0.827888	-0.137870	0.476358
-10.658641	-0.853548	0.170735	0.261358	0.828918	-0.137158	0.475158
-10.658441	-0.854048	0.170835	0.260654	0.829945	-0.136447	0.473955
-10.658241	-0.854548	0.170935	0.259951	0.830969	-0.135739	0.472749
-10.658041	-0.855048	0.171035	0.259247	0.831990	-0.135033	0.471540
-10.657841	-0.855548	0.171135	0.258543	0.833008	-0.134329	0.470328
-10.657641	-0.856048	0.171235	0.257839	0.834023	-0.133627	0.469114
-10.657441	-0.856548	0.171335	0.257135	0.835035	-0.132927	0.467897
-10.657241	-0.857048	0.171435	0.256431	0.836044	-0.132230	0.466678
-10.657041	-0.857548	0.171535	0.255727	0.837051	-0.131534	0.465455
-10.656841	-0.858048	0.171635	0.255022	0.838054	-0.130841	0.464231
-10.656641	-0.858548	0.171735	0.254318	0.839054	-0.130150	0.463003
-10.656441	-0.859048	0.171835	0.253614	0.840051	-0.129461	0.461773
-10.656241	-0.859548	0.171935	0.252909	0.841045	-0.128774	0.460540
-10.656041	-0.860048	0.172035	0.252204	0.842037	-0.128089	0.459304
-10.655841	-0.860548	0.172135	0.251500	0.843025	-0.127407	0.458066
-10.655641	-0.861048	0.172235	0.250795	0.844010	-0.126726	0.456825
-10.655441	-0.861548	0.172335	0.250091	0.844992	-0.126048	0.455582
-10.655241	-0.862048	0.172435	0.249386	0.845972	-0.125371	0.454336
-10.655041	-0.862548	0.172535	0.248681	0.846948	-0.124697	0.453087
-10.654841	-0.863048	0.172635	0.247976	0.847921	-0.124025	0.451836
-10.654641	-0.863548	0.172735	0.247272	0.848891	-0.123355	0.450582
-10.654441	-0.864048	0.172835	0.246567	0.849858	-0.122687	0.449325
-10.654241	-0.864548	0.172935	0.245862	0.850823	-0.122021	0.448066
-10.654041	-0.865049	0.173035	0.245157	0.851784	-0.121357	0.446805
-10.653841	-0.865549	0.173135	0.244453	0.852742	-0.120695	0.445541
-10.653641	-0.866049	0.173235	0.243748	0.853697	-0.120036	0.444274
-10.653441	-0.866549	0.173336	0.243043	0.854649	-0.119378	0.443005
-10.653241	-0.867049	0.173436	0.242339	0.855598	-0.118722	0.441734
-10.653041	-0.867549	0.173536	0.241634	0.856544	-0.118069	0.440459
-10.652841	-0.868049	0.173636	0.240929	0.857487	-0.117418	0.439183
-10.652641	-0.868549	0.173736	0.240225	0.858427	-0.116768	0.437904
-10.652441	-0.869049	0.173836	0.239521	0.859364	-0.116121	0.436622
-10.652241	-0.869549	0.173936	0.238816	0.860298	-0.115476	0.435338
-10.652041	-0.870049	0.174036	0.238112	0.861229	-0.114833	0.434052
-10.651841	-0.870549	0.174136	0.237408	0.862157	-0.114191	0.432763
-10.651641	-0.871049	0.174236	0.236704	0.863082	-0.113552	0.431471
-10.651441	-0.871549	0.174336	0.236000	0.864003	-0.112915	0.430177
-10.651241	-0.872049	0.174436	0.235296	0.864922	-0.112280	0.428881
-10.651041	-0.872549	0.174536	0.234592	0.865838	-0.111647	0.427582
-10.650841	-0.873049	0.174636	0.233889	0.866750	-0.111016	0.426281
-10.650641	-0.873549	0.174736	0.233185	0.867660	-0.110387	0.424978
-10.650441	-0.874049	0.174836	0.232482	0.868566	-0.109760	0.423672
-10.650241	-0.874549	0.174936	0.231778	0.869470	-0.109135	0.422364
-10.650041	-0.875049	0.175036	0.231075	0.870370	-0.108512	0.421053
-10.649841	-0.875549	0.175136	0.230372	0.871267	-0.107891	0.419740
-10.649641	-0.876049	0.175236	0.229669	0.872161	-0.107273	0.418425
-10.649441	-0.876550	0.175336	0.228967	0.873052	-0.106656	0.417107
-10.649241	-0.877050	0.175436	0.228264	0.873941	-0.106041	0.415787
-10.649041	-0.877550	0.175536	0.227562	0.874826	-0.105428	0.414465
-10.648841	-0.878050	0.175636	0.226860	0.875707	-0.104817	0.413140
-10.648641	-0.878550	0.175736	0.226158	0.876586	-0.104208	0.411813
-10.648441	-0.879050	0.175836	0.225456	0.877462	-0.103601	0.410484
-10.648241	-0.879550	0.175936	0.224754	0.878335	-0.102996	0.409152
-10.648041	-0.880050	0.176036	0.224053	0.879204	-0.102393	0.407818
-10.647841	-0.880550	0.176136	0.223351	0.880071	-0.101792	0.406482
-10.647641	-0.881050	0.176236	0.222650	0.880934	-0.101193	0.405144
-10.647441	-0.881550	0.176336	0.221950	0.881795	-0.100595	0.403803
-10.647241	-0.882050	0.176436	0.221249	0.882652	-0.100000	0.402460
-10.647041	-0.882550	0.176536	0.220549	0.883506	-0.099407	0.401115
-10.646841	-0.883050	0.176636	0.219849	0.884357	-0.098816	0.399768
-10.646641	-0.883550	0.176736	0.219149	0.885205	-0.098226	0.398418
-10.646441	-0.884050	0.176836	0.218449	0.886050	-0.097639	0.397067
-10.646241	-0.884550	0.176936	0.217749	0.886892	-0.097053	0.395713
-10.646041	-0.885050	0.177036	0.217050	0.887731	-0.096470	0.394357
-10.645841	-0.885550	0.177136	0.216351	0.888566	-0.095888	0.392998
-10.645641	-0.886050	0.177236	0.215653	0.889399	-0.095308	0.391638
-10.645441	-0.886550	0.177336	0.214954	0.890228	-0.094731	0.390275
-10.645241	-0.887050	0.177436	0.214256	0.891054	-0.094155	0.388910
-10.645041	-0.887550	0.177536	0.213558	0.891878	-0.093581	0.387543
-10.644841	-0.888050	0.177636	0.212861	0.892698	-0.093009	0.386174
-10.644641	-0.888551	0.177736	0.212163	0.893515	-0.092438	0.384803
-10.644441	-0.889051	0.177836	0.211466	0.894329	-0.091870	0.383430
-10.644241	-0.889551	0.177936	0.210770	0.895139	-0.091304	0.382054
-10.644041	-0.890051	0.178036	0.210073	0.895947	-0.090739	0.380677
-10.643841	-0.890551	0.178137	0.209377	0.896751	-0.090177	0.379297
-10.643641	-0.891051	0.178237	0.208681	0.897553	-0.089616	0.377915
-10.643441	-0.891551	0.178337	0.207986	0.898351	-0.089057	0.376531
-10.643241	-0.892051	0.178437	0.207291	0.899146	-0.088500	0.375145
-10.643041	-0.892551	0.178537	0.206596	0.899938	-0.087945	0.373757
-10.642841	-0.893051	0.178637	0.205901	0.900727	-0.087392	0.372367
-10.642642	-0.893551	0.178737	0.205207	0.901513	-0.086841	0.370975
-10.642442	-0.894051	0.178837	0.204513	0.902296	-0.086291	0.369581
-10.642242	-0.894551	0.178937	0.203820	0.903075	-0.085744	0.368185
-10.642042	-0.895051	0.179037	0.203127	0.903852	-0.085198	0.366787
-10.641842	-0.895551	0.179137	0.202434	0.904625	-0.084654	0.365387
-10.641642	-0.896051	0.179237	0.201742	0.905395	-0.084112	0.363985
-10.641442	-0.896551	0.179337	0.201050	0.906162	-0.083571	0.362580
-10.641242	-0.897051	0.179437	0.200358	0.906926	-0.083033	0.361174
-10.641042	-0.897551	0.179537	0.199666	0.907687	-0.082496	0.359766
-10.640842	-0.898051	0.179637	0.198975	0.908445	-0.081962	0.358356
-10.640642	-0.898551	0.179737	0.198285	0.909199	-0.081429	0.356944
-10.640442	-0.899051	0.179837	0.197595	0.909951	-0.080898	0.355530
-10.640242	-0.899551	0.179937	0.196905	0.910699	-0.080368	0.354114
-10.640042	-0.900052	0.180037	0.196215	0.911444	-0.079841	0.352696
-10.639842	-0.900552	0.180137	0.195526	0.912186	-0.079315	0.351277
-10.639642	-0.901052	0.180237	0.194838	0.912925	-0.078791	0.349855
-10.639442	-0.901552	0.180337	0.194150	0.913661	-0.078269	0.348431
-10.639242	-0.902052	0.180437	0.193462	0.914393	-0.077749	0.347006
-10.639042	-0.902552	0.180537	0.192774	0.915122	-0.077230	0.345578
-10.638842	-0.903052	0.180637	0.192087	0.915849	-0.076713	0.344149
-10.638642	-0.903552	0.180737	0.191401	0.916572	-0.076199	0.342718
-10.638442	-0.904052	0.180837	0.190715	0.917292	-0.075685	0.341285
-10.638242	-0.904552	0.180937	0.190029	0.918009	-0.075174	0.339850
-10.638042	-0.905052	0.181037	0.189344	0.918722	-0.074664	0.338413
-10.637842	-0.905552	0.181137	0.188659	0.919433	-0.074156	0.336975
-10.637642	-0.906052	0.181237	0.187974	0.920140	-0.073650	0.335534
-10.637442	-0.906552	0.181337	0.187291	0.920844	-0.073146	0.334092
-10.637242	-0.907052	0.181437	0.186607	0.921545	-0.072643	0.332648
-10.637042	-0.907552	0.181537	0.185924	0.922243	-0.072142	0.331202
-10.636842	-0.908052	0.181637	0.185241	0.922938	-0.071643	0.329755
-10.636642	-0.908552	0.181737	0.184559	0.923630	-0.071146	0.328305
-10.636442	-0.909052	0.181837	0.183878	0.924318	-0.070650	0.326854
-10.636242	-0.909552	0.181937	0.183196	0.925003	-0.070156	0.325401
-10.636042	-0.910052	0.182037	0.182516	0.925685	-0.069664	0.323946
-10.635842	-0.910552	0.182137	0.181835	0.926364	-0.069174	0.322490
-10.635642	-0.911052	0.182237	0.181156	0.927040	-0.068685	0.321032
-10.635442	-0.911552	0.182337	0.180476	0.927713	-0.068198	0.319572
-10.635242	-0.912053	0.182437	0.179798	0.928382	-0.067713	0.318110
-10.635042	-0.912553	0.182537	0.179119	0.929049	-0.067229	0.316647
-10.634842	-0.913053	0.182637	0.178441	0.929712	-0.066747	0.315182
-10.634642	-0.913553	0.182737	0.177764	0.930372	-0.066267	0.313715
-10.634442	-0.914053	0.182837	0.177087	0.931029	-0.065788	0.312246
-10.634242	-0.914553	0.182938	0.176411	0.931682	-0.065311	0.310776
-10.634042	-0.915053	0.183038	0.175735	0.932333	-0.064836	0.309304
-10.633842	-0.915553	0.183138	0.175060	0.932980	-0.064363	0.307830
-10.633642	-0.916053	0.183238	0.174385	0.933624	-0.063891	0.306355
-10.633442	-0.916553	0.183338	0.173711	0.934265	-0.063421	0.304878
-10.633242	-0.917053	0.183438	0.173037	0.934903	-0.062952	0.303400
-10.633042	-0.917553	0.183538	0.172364	0.935538	-0.062486	0.301919
-10.632842	-0.918053	0.183638	0.171691	0.936169	-0.062020	0.300438
-10.632642	-0.918553	0.183738	0.171019	0.936798	-0.061557	0.298954
-10.632442	-0.919053	0.183838	0.170347	0.937423	-0.061095	0.297469
-10.632242	-0.919553	0.183938	0.169676	0.938045	-0.060635	0.295982
-10.632042	-0.920053	0.184038	0.169006	0.938663	-0.060176	0.294494
-10.631842	-0.920553	0.184138	0.168336	0.939279	-0.059720	0.293004
-10.631642	-0.921053	0.184238	0.167666	0.939892	-0.059264	0.291513
-10.631442	-0.921553	0.184338	0.166997	0.940501	-0.058811	0.290020
-10.631242	-0.922053	0.184438	0.166329	0.941107	-0.058359	0.288525
-10.631042	-0.922553	0.184538	0.165661	0.941710	-0.057908	0.287029
-10.630842	-0.923053	0.184638	0.164994	0.942310	-0.057459	0.285531
-10.630642	-0.923554	0.184738	0.164327	0.942906	-0.057012	0.284032
-10.630442	-0.924054	0.184838	0.163661	0.943500	-0.056567	0.282531
-10.630242	-0.924554	0.184938	0.162996	0.944090	-0.056123	0.281029
-10.630042	-0.925054	0.185038	0.162331	0.944677	-0.055680	0.279525
-10.629842	-0.925554	0.185138	0.161666	0.945261	-0.055240	0.278019
-10.629642	-0.926054	0.185238	0.161003	0.945841	-0.054801	0.276513
-10.629442	-0.926554	0.185338	0.160339	0.946419	-0.054363	0.275004
-10.629242	-0.927054	0.185438	0.159677	0.946993	-0.053927	0.273494
-10.629042	-0.927554	0.185538	0.159015	0.947564	-0.053493	0.271983
-10.628842	-0.928054	0.185638	0.158353	0.948132	-0.053060	0.270470
-10.628642	-0.928554	0.185738	0.157692	0.948697	-0.052629	0.268956
-10.628442	-0.929054	0.185838	0.157032	0.949259	-0.052199	0.267440
-10.628242	-0.929554	0.185938	0.156372	0.949817	-0.051771	0.265923
-10.628042	-0.930054	0.186038	0.155713	0.950372	-0.051344	0.264404
-10.627842	-0.930554	0.186138	0.155055	0.950924	-0.050919	0.262884
-10.627642	-0.931054	0.186238	0.154397	0.951473	-0.050496	0.261363
-10.627442	-0.931554	0.186338	0.153740	0.952019	-0.050074	0.259840
-10.627242	-0.932054	0.186438	0.153083	0.952561	-0.049654	0.258316
-10.627042	-0.932554	0.186538	0.152427	0.953101	-0.049235	0.256790
-10.626842	-0.933054	0.186638	0.151771	0.953637	-0.048818	0.255263
-10.626642	-0.933554	0.186738	0.151117	0.954170	-0.048402	0.253734
-10.626442	-0.934054	0.186838	0.150462	0.954700	-0.047988	0.252204
-10.626242	-0.934554	0.186938	0.149809	0.955226	-0.047575	0.250673
-10.626042	-0.935054	0.187038	0.149156	0.955750	-0.047164	0.249140
-10.625842	-0.935555	0.187138	0.148504	0.956270	-0.046754	0.247606
-10.625642	-0.936055	0.187238	0.147852	0.956787	-0.046346	0.246071
-10.625442	-0.936555	0.187338	0.147201	0.957301	-0.045940	0.244534
-10.625242	-0.937055	0.187438	0.146551	0.957811	-0.045534	0.242996
-10.625042	-0.937555	0.187538	0.145901	0.958319	-0.045131	0.241457
-10.624842	-0.938055	0.187638	0.145252	0.958823	-0.044729	0.239916
-10.624642	-0.938555	0.187739	0.144603	0.959324	-0.044328	0.238375
-10.624442	-0.939055	0.187839	0.143955	0.959822	-0.043929	0.236831
-10.624242	-0.939555	0.187939	0.143308	0.960317	-0.043531	0.235287
-10.624042	-0.940055	0.188039	0.142662	0.960808	-0.043135	0.233741
-10.623842	-0.940555	0.188139	0.142016	0.961296	-0.042740	0.232194
-10.623642	-0.941055	0.188239	0.141371	0.961782	-0.042347	0.230645
-10.623442	-0.941555	0.188339	0.140726	0.962264	-0.041955	0.229096
-10.623242	-0.942055	0.188439	0.140082	0.962742	-0.041565	0.227545
-10.623042	-0.942555	0.188539	0.139439	0.963218	-0.041176	0.225993
-10.622842	-0.943055	0.188639	0.138796	0.963690	-0.040789	0.224439
-10.622642	-0.943555	0.188739	0.138154	0.964159	-0.040403	0.222885
-10.622442	-0.944055	0.188839	0.137513	0.964625	-0.040018	0.221329
-10.622242	-0.944555	0.188939	0.136872	0.965088	-0.039635	0.219772
-10.622042	-0.945055	0.189039	0.136233	0.965548	-0.039254	0.218213
-10.621842	-0.945555	0.189139	0.135593	0.966004	-0.038874	0.216654
-10.621642	-0.946055	0.189239	0.134955	0.966458	-0.038495	0.215093
-10.621442	-0.946555	0.189339	0.134317	0.966908	-0.038118	0.213531
-10.621242	-0.947056	0.189439	0.133680	0.967355	-0.037742	0.211968
-10.621042	-0.947556	0.189539	0.133043	0.967798	-0.037367	0.210404
-10.620842	-0.948056	0.189639	0.132407	0.968239	-0.036994	0.208839
-10.620642	-0.948556	0.189739	0.131772	0.968676	-0.036623	0.207272
-10.620442	-0.949056	0.189839	0.131138	0.969110	-0.036253	0.205704
-10.620242	-0.949556	0.189939	0.130504	0.969541	-0.035884	0.204136
-10.620042	-0.950056	0.190039	0.129871	0.969969	-0.035516	0.202566
-10.619842	-0.950556	0.190139	0.129239	0.970393	-0.035150	0.200994
-10.619642	-0.951056	0.190239	0.128607	0.970815	-0.034786	0.199422
-10.619442	-0.951556	0.190339	0.127976	0.971233	-0.034422	0.197849
-10.619242	-0.952056	0.190439	0.127346	0.971648	-0.034061	0.196274
-10.619042	-0.952556	0.190539	0.126716	0.972060	-0.033700	0.194699
-10.618842	-0.953056	0.190639	0.126087	0.972468	-0.033341	0.193122
-10.618642	-0.953556	0.190739	0.125459	0.972874	-0.032983	0.191544
-10.618442	-0.954056	0.190839	0.124831	0.973276	-0.032627	0.189966
-10.618242	-0.954556	0.190939	0.124205	0.973675	-0.032272	0.188386
-10.618042	-0.955056	0.191039	0.123579	0.974071	-0.031919	0.186805
-10.617842	-0.955556	0.191139	0.122953	0.974463	-0.031566	0.185223
-10.617642	-0.956056	0.191239	0.122329	0.974853	-0.031215	0.183640
-10.617442	-0.956556	0.191339	0.121705	0.975239	-0.030866	0.182056
-10.617243	-0.957056	0.191439	0.121081	0.975622	-0.030518	0.180471
-10.617043	-0.957556	0.191539	0.120459	0.976002	-0.030171	0.178884
-10.616843	-0.958056	0.191639	0.119837	0.976379	-0.029825	0.177297
-10.616643	-0.958556	0.191739	0.119216	0.976752	-0.029481	0.175709
-10.616443	-0.959057	0.191839	0.118596	0.977122	-0.029138	0.174120
-10.616243	-0.959557	0.191939	0.117976	0.977490	-0.028797	0.172530
-10.616043	-0.960057	0.192039	0.117357	0.977854	-0.028457	0.170939
-10.615843	-0.960557	0.192139	0.116739	0.978214	-0.028118	0.169346
-10.615643	-0.961057	0.192239	0.116122	0.978572	-0.027780	0.167753
-10.615443	-0.961557	0.192339	0.115505	0.978926	-0.027444	0.166159
-10.615243	-0.962057	0.192439	0.114889	0.979277	-0.027109	0.164564
-10.615043	-0.962557	0.192540	0.114274	0.979625	-0.026776	0.162968
-10.614843	-0.963057	0.192640	0.113660	0.979970	-0.026443	0.161371
-10.614643	-0.963557	0.192740	0.113046	0.980312	-0.026112	0.159773
-10.614443	-0.964057	0.192840	0.112433	0.980650	-0.025782	0.158175
-10.614243	-0.964557	0.192940	0.111820	0.980986	-0.025454	0.156575
-10.614043	-0.965057	0.193040	0.111209	0.981318	-0.025127	0.154974
-10.613843	-0.965557	0.193140	0.110598	0.981646	-0.024801	0.153373
-10.613643	-0.966057	0.193240	0.109988	0.981972	-0.024477	0.151770
-10.613443	-0.966557	0.193340	0.109379	0.982295	-0.024153	0.150167
-10.613243	-0.967057	0.193440	0.108770	0.982614	-0.023831	0.148562
-10.613043	-0.967557	0.193540	0.108162	0.982930	-0.023510	0.146957
-10.612843	-0.968057	0.193640	0.107555	0.983243	-0.023191	0.145351
-10.612643	-0.968557	0.193740	0.106949	0.983553	-0.022873	0.143744
-10.612443	-0.969057	0.193840	0.106343	0.983859	-0.022556	0.142137
-10.612243	-0.969557	0.193940	0.105739	0.984163	-0.022240	0.140528
-10.612043	-0.970057	0.194040	0.105135	0.984463	-0.021926	0.138919
-10.611843	-0.970558	0.194140	0.104531	0.984760	-0.021613	0.137308
-10.611643	-0.971058	0.194240	0.103929	0.985054	-0.021301	0.135697
-10.611443	-0.971558	0.194340	0.103327	0.985345	-0.020990	0.134085
-10.611243	-0.972058	0.194440	0.102726	0.985632	-0.020680	0.132473
-10.611043	-0.972558	0.194540	0.102126	0.985916	-0.020372	0.130859
-10.610843	-0.973058	0.194640	0.101526	0.986198	-0.020065	0.129245
-10.610643	-0.973558	0.194740	0.100927	0.986476	-0.019759	0.127629
-10.610443	-0.974058	0.194840	0.100329	0.986750	-0.019455	0.126013
-10.610243	-0.974558	0.194940	0.099732	0.987022	-0.019151	0.124397
-10.610043	-0.975058	0.195040	0.099136	0.987290	-0.018849	0.122779
-10.609843	-0.975558	0.195140	0.098540	0.987555	-0.018548	0.121161
-10.609643	-0.976058	0.195240	0.097945	0.987818	-0.018249	0.119542
-10.609443	-0.976558	0.195340	0.097351	0.988076	-0.017950	0.117922
-10.609243	-0.977058	0.195440	0.096757	0.988332	-0.017653	0.116302
-10.609043	-0.977558	0.195540	0.096165	0.988585	-0.017357	0.114680
-10.608843	-0.978058	0.195640	0.095573	0.988834	-0.017062	0.113058
-10.608643	-0.978558	0.195740	0.094982	0.989080	-0.016768	0.111435
-10.608443	-0.979058	0.195840	0.094392	0.989323	-0.016476	0.109812
-10.608243	-0.979558	0.195940	0.093802	0.989563	-0.016184	0.108188
-10.608043	-0.980058	0.196040	0.093213	0.989799	-0.015894	0.106563
-10.607843	-0.980558	0.196140	0.092625	0.990033	-0.015605	0.104937
-10.607643	-0.981058	0.196240	0.092038	0.990263	-0.015318	0.103311
-10.607443	-0.981558	0.196340	0.091452	0.990490	-0.015031	0.101684
-10.607243	-0.982059	0.196440	0.090866	0.990714	-0.014746	0.100056
-10.607043	-0.982559	0.196540	0.090281	0.990935	-0.014461	0.098428
-10.606843	-0.983059	0.196640	0.089697	0.991153	-0.014178	0.096799
-10.606643	-0.983559	0.196740	0.089114	0.991367	-0.013896	0.095169
-10.606443	-0.984059	0.196840	0.088531	0.991578	-0.013615	0.093539
-10.606243	-0.984559	0.196940	0.087949	0.991786	-0.013336	0.091908
-10.606043	-0.985059	0.197040	0.087368	0.991991	-0.013057	0.090277
-10.605843	-0.985559	0.197140	0.086788	0.992193	-0.012780	0.088644
-10.605643	-0.986059	0.197240	0.086209	0.992391	-0.012504	0.087012
-10.605443	-0.986559	0.197341	0.085630	0.992587	-0.012229	0.085378
-10.605243	-0.987059	0.197441	0.085052	0.992779	-0.011955	0.083744
-10.605043	-0.987559	0.197541	0.084475	0.992968	-0.011682	0.082109
-10.604843	-0.988059	0.197641	0.083899	0.993154	-0.011410	0.080474
-10.604643	-0.988559	0.197741	0.083323	0.993337	-0.011140	0.078838
-10.604443	-0.989059	0.197841	0.082748	0.993516	-0.010870	0.077202
-10.604243	-0.989559	0.197941	0.082175	0.993693	-0.010602	0.075565
-10.604043	-0.990059	0.198041	0.081601	0.993866	-0.010335	0.073927
-10.603843	-0.990559	0.198141	0.081029	0.994036	-0.010069	0.072289
-10.603643	-0.991059	0.198241	0.080457	0.994203	-0.009804	0.070650
-10.603443	-0.991559	0.198341	0.079887	0.994366	-0.009540	0.069011
-10.603243	-0.992059	0.198441	0.079317	0.994527	-0.009277	0.067371
-10.603043	-0.992559	0.198541	0.078748	0.994684	-0.009016	0.065731
-10.602843	-0.993059	0.198641	0.078179	0.994839	-0.008755	0.064090
-10.602643	-0.993559	0.198741	0.077612	0.994990	-0.008496	0.062448
-10.602443	-0.994060	0.198841	0.077045	0.995138	-0.008237	0.060807
-10.602243	-0.994560	0.198941	0.076479	0.995282	-0.007980	0.059164
-10.602043	-0.995060	0.199041	0.075914	0.995424	-0.007724	0.057521
-10.601843	-0.995560	0.199141	0.075349	0.995562	-0.007469	0.055878
-10.601643	-0.996060	0.199241	0.074785	0.995698	-0.007215	0.054234
-10.601443	-0.996560	0.199341	0.074223	0.995830	-0.006962	0.052589
-10.601243	-0.997060	0.199441	0.073661	0.995959	-0.006710	0.050944
-10.601043	-0.997560	0.199541	0.073099	0.996085	-0.006459	0.049299
-10.600843	-0.998060	0.199641	0.072539	0.996207	-0.006209	0.047653
-10.600643	-0.998560	0.199741	0.071979	0.996327	-0.005961	0.046007
-10.600443	-0.999060	0.199841	0.071420	0.996443	-0.005713	0.044360
-10.600243	-0.999560	0.199941	0.070862	0.996556	-0.005467	0.042713
-10.600043	-1.000060	0.200041	0.070305	0.996666	-0.005221	0.041065
