cx	cy	cz	q_scalar	q_x	q_y	q_z
-11.000027	0.000025	-0.000001	1.000000	0.000000	0.000000	0.000000
-10.999627	-0.000975	0.000199	0.999998	0.000500	0.001667	0.000166
-10.999427	-0.001475	0.000299	0.999994	0.000999	0.003334	0.000332
-10.999227	-0.001975	0.000399	0.999986	0.001497	0.005001	0.000496
-10.999027	-0.002475	0.000500	0.999976	0.001995	0.006668	0.000660
-10.998827	-0.002975	0.000600	0.999962	0.002492	0.008335	0.000822
-10.998627	-0.003475	0.000700	0.999945	0.002989	0.010003	0.000984
-10.998427	-0.003975	0.000800	0.999925	0.003485	0.011671	0.001145
-10.998227	-0.004475	0.000900	0.999902	0.003981	0.013338	0.001305
-10.998027	-0.004975	0.001000	0.999876	0.004476	0.015006	0.001464
-10.997827	-0.005475	0.001100	0.999847	0.004970	0.016674	0.001622
-10.997627	-0.005975	0.001200	0.999815	0.005464	0.018342	0.001780
-10.997427	-0.006475	0.001300	0.999780	0.005957	0.020011	0.001936
-10.997228	-0.006975	0.001400	0.999742	0.006449	0.021679	0.002092
-10.997028	-0.007475	0.001500	0.999701	0.006941	0.023347	0.002246
-10.996828	-0.007975	0.001600	0.999657	0.007432	0.025016	0.002400
-10.996628	-0.008475	0.001700	0.999609	0.007923	0.026685	0.002553
-10.996428	-0.008976	0.001800	0.999559	0.008413	0.028353	0.002705
-10.996228	-0.009476	0.001900	0.999506	0.008903	0.030022	0.002857
-10.996028	-0.009976	0.002000	0.999449	0.009391	0.031691	0.003007
-10.995828	-0.010476	0.002100	0.999390	0.009880	0.033360	0.003156
-10.995628	-0.010976	0.002200	0.999327	0.010367	0.035029	0.003305
-10.995428	-0.011476	0.002300	0.999261	0.010855	0.036698	0.003453
-10.995228	-0.011976	0.002400	0.999193	0.011341	0.038367	0.003600
-10.995028	-0.012476	0.002500	0.999121	0.011827	0.040036	0.003746
-10.994828	-0.012976	0.002600	0.999047	0.012312	0.041705	0.003891
-10.994628	-0.013476	0.002700	0.998969	0.012797	0.043374	0.004036
-10.994428	-0.013976	0.002800	0.998888	0.013281	0.045043	0.004179
-10.994228	-0.014476	0.002900	0.998804	0.013765	0.046712	0.004322
-10.994028	-0.014976	0.003000	0.998717	0.014247	0.048381	0.004463
-10.993828	-0.015476	0.003100	0.998627	0.014730	0.050051	0.004604
-10.993628	-0.015976	0.003200	0.998535	0.015211	0.051720	0.004744
-10.993428	-0.016476	0.003300	0.998439	0.015693	0.053389	0.004884
-10.993228	-0.016976	0.003400	0.998340	0.016173	0.055058	0.005022
-10.993028	-0.017476	0.003500	0.998237	0.016653	0.056727	0.005159
-10.992828	-0.017976	0.003600	0.998132	0.017132	0.058396	0.005296
-10.992628	-0.018476	0.003700	0.998024	0.017611	0.060065	0.005432
-10.992428	-0.018976	0.003800	0.997913	0.018089	0.061734	0.005567
-10.992228	-0.019476	0.003900	0.997799	0.018567	0.063403	0.005701
-10.992028	-0.019976	0.004000	0.997682	0.019044	0.065072	0.005834
-10.991828	-0.020477	0.004100	0.997562	0.019520	0.066741	0.005967
-10.991628	-0.020977	0.004200	0.997438	0.019996	0.068410	0.006098
-10.991428	-0.021477	0.004300	0.997312	0.020471	0.070079	0.006229
-10.991228	-0.021977	0.004400	0.997183	0.020946	0.071747	0.006359
-10.991028	-0.022477	0.004500	0.997050	0.021420	0.073416	0.006488
-10.990828	-0.022977	0.004600	0.996915	0.021893	0.075085	0.006616
-10.990628	-0.023477	0.004700	0.996776	0.022366	0.076753	0.006744
-10.990428	-0.023977	0.004800	0.996635	0.022838	0.078421	0.006871
-10.990228	-0.024477	0.004900	0.996491	0.023310	0.080090	0.006996
-10.990028	-0.024977	0.005000	0.996343	0.023781	0.081758	0.007121
-10.989828	-0.025477	0.005100	0.996193	0.024251	0.083426	0.007245
-10.989628	-0.025977	0.005200	0.996039	0.024721	0.085094	0.007369
-10.989428	-0.026477	0.005301	0.995882	0.025190	0.086761	0.007491
-10.989228	-0.026977	0.005401	0.995723	0.025659	0.088429	0.007613
-10.989028	-0.027477	0.005501	0.995560	0.026127	0.090097	0.007733
-10.988828	-0.027977	0.005601	0.995395	0.026594	0.091764	0.007853
-10.988628	-0.028477	0.005701	0.995226	0.027061	0.093431	0.007972
-10.988428	-0.028977	0.005801	0.995054	0.027528	0.095098	0.008091
-10.988228	-0.029477	0.005901	0.994880	0.027993	0.096765	0.008208
-10.988028	-0.029977	0.006001	0.994702	0.028458	0.098432	0.008325
-10.987828	-0.030477	0.006101	0.994521	0.028923	0.100098	0.008441
-10.987628	-0.030977	0.006201	0.994338	0.029387	0.101765	0.008556
-10.987428	-0.031477	0.006301	0.994151	0.029850	0.103431	0.008670
-10.987228	-0.031977	0.006401	0.993961	0.030313	0.105097	0.008783
-10.987028	-0.032478	0.006501	0.993768	0.030775	0.106763	0.008896
-10.986828	-0.032978	0.006601	0.993573	0.031237	0.108429	0.009008
-10.986628	-0.033478	0.006701	0.993374	0.031698	0.110094	0.009119
-10.986428	-0.033978	0.006801	0.993172	0.032158	0.111759	0.009229
-10.986228	-0.034478	0.006901	0.992967	0.032618	0.113424	0.009338
-10.986028	-0.034978	0.007001	0.992759	0.033077	0.115089	0.009447
-10.985828	-0.035478	0.007101	0.992549	0.033536	0.116754	0.009554
-10.985628	-0.035978	0.007201	0.992335	0.033994	0.118418	0.009661
-10.985428	-0.036478	0.007301	0.992118	0.034452	0.120082	0.009767
-10.985228	-0.036978	0.007401	0.991898	0.034909	0.121746	0.009872
-10.985028	-0.037478	0.007501	0.991675	0.035365	0.123410	0.009977
-10.984828	-0.037978	0.007601	0.991449	0.035821	0.125073	0.010081
-10.984628	-0.038478	0.007701	0.991221	0.036276	0.126737	0.010183
-10.984428	-0.038978	0.007801	0.990989	0.036731	0.128399	0.010285
-10.984228	-0.039478	0.007901	0.990754	0.037185	0.130062	0.010387
-10.984028	-0.039978	0.008001	0.990516	0.037638	0.131724	0.010487
-10.983828	-0.040478	0.008101	0.990275	0.038091	0.133386	0.010587
-10.983628	-0.040978	0.008201	0.990031	0.038543	0.135048	0.010685
-10.983428	-0.041478	0.008301	0.989785	0.038995	0.136710	0.010783
-10.983228	-0.041978	0.008401	0.989535	0.039446	0.138371	0.010881
-10.983028	-0.042478	0.008501	0.989282	0.039897	0.140032	0.010977
-10.982828	-0.042978	0.008601	0.989026	0.040347	0.141692	0.011073
-10.982628	-0.043478	0.008701	0.988767	0.040796	0.143353	0.011167
-10.982428	-0.043979	0.008801	0.988506	0.041245	0.145012	0.011261
-10.982228	-0.044479	0.008901	0.988241	0.041693	0.146672	0.011354
-10.982028	-0.044979	0.009001	0.987973	0.042141	0.148331	0.011447
-10.981828	-0.045479	0.009101	0.987702	0.042588	0.149990	0.011538
-10.981628	-0.045979	0.009201	0.987429	0.043034	0.151649	0.011629
-10.981428	-0.046479	0.009301	0.987152	0.043480	0.153307	0.011719
-10.981228	-0.046979	0.009401	0.986872	0.043926	0.154965	0.011809
-10.981028	-0.047479	0.009501	0.986590	0.044371	0.156623	0.011897
-10.980828	-0.047979	0.009601	0.986304	0.044815	0.158280	0.011984
-10.980628	-0.048479	0.009701	0.986015	0.045258	0.159937	0.012071
-10.980428	-0.048979	0.009801	0.985724	0.045701	0.161593	0.012157
-10.980228	-0.049479	0.009901	0.985429	0.046144	0.163249	0.012243
-10.980028	-0.049979	0.010001	0.985132	0.046586	0.164905	0.012327
-10.979828	-0.050479	0.010102	0.984831	0.047027	0.166560	0.012411
-10.979628	-0.050979	0.010202	0.984527	0.047468	0.168215	0.012493
-10.979428	-0.051479	0.010302	0.984221	0.047908	0.169870	0.012576
-10.979228	-0.051979	0.010402	0.983912	0.048348	0.171524	0.012657
-10.979028	-0.052479	0.010502	0.983599	0.048787	0.173177	0.012737
-10.978828	-0.052979	0.010602	0.983284	0.049225	0.174831	0.012817
-10.978628	-0.053479	0.010702	0.982965	0.049663	0.176484	0.012896
-10.978428	-0.053979	0.010802	0.982644	0.050101	0.178136	0.012974
-10.978228	-0.054479	0.010902	0.982320	0.050537	0.179788	0.013051
-10.978028	-0.054979	0.011002	0.981992	0.050974	0.181439	0.013128
-10.977828	-0.055480	0.011102	0.981662	0.051409	0.183091	0.013203
-10.977628	-0.055980	0.011202	0.981329	0.051844	0.184741	0.013278
-10.977428	-0.056480	0.011302	0.980993	0.052279	0.186391	0.013353
-10.977228	-0.056980	0.011402	0.980654	0.052713	0.188041	0.013426
-10.977028	-0.057480	0.011502	0.980312	0.053146	0.189690	0.013498
-10.976828	-0.057980	0.011602	0.979967	0.053579	0.191339	0.013570
-10.976628	-0.058480	0.011702	0.979619	0.054011	0.192988	0.013641
-10.976428	-0.058980	0.011802	0.979268	0.054443	0.194635	0.013712
-10.976228	-0.059480	0.011902	0.978914	0.054874	0.196283	0.013781
-10.976028	-0.059980	0.012002	0.978557	0.055305	0.197930	0.013850
-10.975828	-0.060480	0.012102	0.978197	0.055735	0.199576	0.013918
-10.975628	-0.060980	0.012202	0.977834	0.056164	0.201222	0.013985
-10.975428	-0.061480	0.012302	0.977469	0.056593	0.202867	0.014051
-10.975228	-0.061980	0.012402	0.977100	0.057021	0.204512	0.014116
-10.975028	-0.062480	0.012502	0.976728	0.057449	0.206156	0.014181
-10.974828	-0.062980	0.012602	0.976354	0.057876	0.207800	0.014245
-10.974628	-0.063480	0.012702	0.975976	0.058303	0.209443	0.014308
-10.974428	-0.063980	0.012802	0.975596	0.058729	0.211086	0.014371
-10.974228	-0.064480	0.012902	0.975212	0.059154	0.212728	0.014432
-10.974028	-0.064980	0.013002	0.974826	0.059579	0.214370	0.014493
-10.973828	-0.065480	0.013102	0.974437	0.060004	0.216011	0.014553
-10.973628	-0.065980	0.013202	0.974045	0.060428	0.217651	0.014612
-10.973428	-0.066480	0.013302	0.973649	0.060851	0.219291	0.014671
-10.973228	-0.066980	0.013402	0.973251	0.061274	0.220931	0.014728
-10.973028	-0.067481	0.013502	0.972850	0.061696	0.222570	0.014785
-10.972828	-0.067981	0.013602	0.972446	0.062117	0.224208	0.014842
-10.972628	-0.068481	0.013702	0.972040	0.062538	0.225845	0.014897
-10.972428	-0.068981	0.013802	0.971630	0.062959	0.227483	0.014951
-10.972228	-0.069481	0.013902	0.971217	0.063379	0.229119	0.015005
-10.972029	-0.069981	0.014002	0.970801	0.063798	0.230755	0.015058
-10.971829	-0.070481	0.014102	0.970383	0.064217	0.232390	0.015110
-10.971629	-0.070981	0.014202	0.969961	0.064635	0.234025	0.015162
-10.971429	-0.071481	0.014302	0.969537	0.065053	0.235659	0.015212
-10.971229	-0.071981	0.014402	0.969109	0.065470	0.237292	0.015262
-10.971029	-0.072481	0.014502	0.968679	0.065887	0.238925	0.015311
-10.970829	-0.072981	0.014602	0.968246	0.066303	0.240557	0.015360
-10.970629	-0.073481	0.014702	0.967810	0.066718	0.242189	0.015407
-10.970429	-0.073981	0.014802	0.967371	0.067133	0.243819	0.015454
-10.970229	-0.074481	0.014903	0.966929	0.067547	0.245450	0.015500
-10.970029	-0.074981	0.015003	0.966484	0.067961	0.247079	0.015545
-10.969829	-0.075481	0.015103	0.966036	0.068375	0.248708	0.015589
-10.969629	-0.075981	0.015203	0.965586	0.068787	0.250336	0.015633
-10.969429	-0.076481	0.015303	0.965132	0.069199	0.251964	0.015676
-10.969229	-0.076981	0.015403	0.964676	0.069611	0.253591	0.015718
-10.969029	-0.077481	0.015503	0.964216	0.070022	0.255217	0.015759
-10.968829	-0.077981	0.015603	0.963754	0.070433	0.256843	0.015799
-10.968629	-0.078481	0.015703	0.963289	0.070843	0.258467	0.015839
-10.968429	-0.078982	0.015803	0.962821	0.071252	0.260092	0.015878
-10.968229	-0.079482	0.015903	0.962350	0.071661	0.261715	0.015916
-10.968029	-0.079982	0.016003	0.961876	0.072069	0.263338	0.015954
-10.967829	-0.080482	0.016103	0.961399	0.072477	0.264960	0.015990
-10.967629	-0.080982	0.016203	0.960919	0.072884	0.266581	0.016026
-10.967429	-0.081482	0.016303	0.960437	0.073291	0.268202	0.016061
-10.967229	-0.081982	0.016403	0.959951	0.073697	0.269822	0.016095
-10.967029	-0.082482	0.016503	0.959463	0.074103	0.271441	0.016129
-10.966829	-0.082982	0.016603	0.958971	0.074508	0.273059	0.016161
-10.966629	-0.083482	0.016703	0.958477	0.074912	0.274677	0.016193
-10.966429	-0.083982	0.016803	0.957980	0.075316	0.276294	0.016224
-10.966229	-0.084482	0.016903	0.957480	0.075720	0.277910	0.016254
-10.966029	-0.084982	0.017003	0.956977	0.076123	0.279525	0.016284
-10.965829	-0.085482	0.017103	0.956472	0.076525	0.281140	0.016313
-10.965629	-0.085982	0.017203	0.955963	0.076927	0.282754	0.016341
-10.965429	-0.086482	0.017303	0.955452	0.077328	0.284367	0.016368
-10.965229	-0.086982	0.017403	0.954937	0.077729	0.285979	0.016394
-10.965029	-0.087482	0.017503	0.954420	0.078129	0.287590	0.016420
-10.964829	-0.087982	0.017603	0.953900	0.078529	0.289201	0.016445
-10.964629	-0.088482	0.017703	0.953377	0.078928	0.290811	0.016469
-10.964429	-0.088982	0.017803	0.952851	0.079326	0.292420	0.016492
-10.964229	-0.089482	0.017903	0.952323	0.079724	0.294029	0.016514
-10.964029	-0.089982	0.018003	0.951791	0.080122	0.295636	0.016536
-10.963829	-0.090482	0.018103	0.951257	0.080519	0.297243	0.016557
-10.963629	-0.090983	0.018203	0.950719	0.080915	0.298849	0.016577
-10.963429	-0.091483	0.018303	0.950179	0.081311	0.300454	0.016596
-10.963229	-0.091983	0.018403	0.949636	0.081706	0.302058	0.016615
-10.963029	-0.092483	0.018503	0.949090	0.082101	0.303661	0.016632
-10.962829	-0.092983	0.018603	0.948542	0.082495	0.305264	0.016649
-10.962629	-0.093483	0.018703	0.947990	0.082889	0.306865	0.016666
-10.962429	-0.093983	0.018803	0.947436	0.083282	0.308466	0.016681
-10.962229	-0.094483	0.018903	0.946878	0.083675	0.310066	0.016695
-10.962029	-0.094983	0.019003	0.946318	0.084067	0.311665	0.016709
-10.961829	-0.095483	0.019103	0.945755	0.084458	0.313264	0.016722
-10.961629	-0.095983	0.019203	0.945189	0.084849	0.314861	0.016734
-10.961429	-0.096483	0.019303	0.944621	0.085240	0.316457	0.016746
-10.961229	-0.096983	0.019403	0.944049	0.085630	0.318053	0.016756
-10.961029	-0.097483	0.019503	0.943475	0.086019	0.319648	0.016766
-10.960829	-0.097983	0.019603	0.942898	0.086408	0.321242	0.016775
-10.960629	-0.098483	0.019704	0.942318	0.086796	0.322835	0.016783
-10.960429	-0.098983	0.019804	0.941735	0.087184	0.324427	0.016791
-10.960229	-0.099483	0.019904	0.941149	0.087571	0.326018	0.016797
-10.960029	-0.099983	0.020004	0.940561	0.087958	0.327608	0.016803
-10.959829	-0.100483	0.020104	0.939969	0.088344	0.329197	0.016808
-10.959629	-0.100983	0.020204	0.939375	0.088730	0.330785	0.016812
-10.959429	-0.101483	0.020304	0.938778	0.089115	0.332373	0.016816
-10.959229	-0.101983	0.020404	0.938178	0.089500	0.333959	0.016819
-10.959029	-0.102484	0.020504	0.937575	0.089884	0.335545	0.016820
-10.958829	-0.102984	0.020604	0.936970	0.090267	0.337130	0.016821
-10.958629	-0.103484	0.020704	0.936362	0.090650	0.338713	0.016822
-10.958429	-0.103984	0.020804	0.935750	0.091033	0.340296	0.016821
-10.958229	-0.104484	0.020904	0.935136	0.091415	0.341878	0.016820
-10.958029	-0.104984	0.021004	0.934520	0.091796	0.343458	0.016818
-10.957829	-0.105484	0.021104	0.933900	0.092177	0.345038	0.016815
-10.957629	-0.105984	0.021204	0.933278	0.092558	0.346617	0.016811
-10.957429	-0.106484	0.021304	0.932652	0.092937	0.348195	0.016806
-10.957229	-0.106984	0.021404	0.932024	0.093317	0.349772	0.016801
-10.957029	-0.107484	0.021504	0.931394	0.093696	0.351348	0.016795
-10.956829	-0.107984	0.021604	0.930760	0.094074	0.352922	0.016788
-10.956629	-0.108484	0.021704	0.930123	0.094452	0.354496	0.016780
-10.956429	-0.108984	0.021804	0.929484	0.094829	0.356069	0.016771
-10.956229	-0.109484	0.021904	0.928842	0.095205	0.357641	0.016762
-10.956029	-0.109984	0.022004	0.928197	0.095582	0.359212	0.016752
-10.955829	-0.110484	0.022104	0.927550	0.095957	0.360782	0.016741
-10.955629	-0.110984	0.022204	0.926899	0.096332	0.362350	0.016729
-10.955429	-0.111484	0.022304	0.926246	0.096707	0.363918	0.016716
-10.955229	-0.111984	0.022404	0.925590	0.097081	0.365485	0.016703
-10.955029	-0.112484	0.022504	0.924931	0.097454	0.367051	0.016689
-10.954829	-0.112984	0.022604	0.924270	0.097827	0.368615	0.016673
-10.954629	-0.113484	0.022704	0.923605	0.098200	0.370179	0.016658
-10.954429	-0.113984	0.022804	0.922938	0.098572	0.371741	0.016641
-10.954229	-0.114485	0.022904	0.922268	0.098943	0.373303	0.016623
-10.954029	-0.114985	0.023004	0.921596	0.099314	0.374863	0.016605
-10.953829	-0.115485	0.023104	0.920920	0.099684	0.376422	0.016586
-10.953629	-0.115985	0.023204	0.920242	0.100054	0.377981	0.016566
-10.953429	-0.116485	0.023304	0.919561	0.100424	0.379538	0.016545
-10.953229	-0.116985	0.023404	0.918877	0.100792	0.381094	0.016523
-10.953029	-0.117485	0.023504	0.918191	0.101161	0.382649	0.016501
-10.952829	-0.117985	0.023604	0.917501	0.101528	0.384203	0.016478
-10.952629	-0.118485	0.023704	0.916809	0.101896	0.385756	0.016454
-10.952429	-0.118985	0.023804	0.916114	0.102262	0.387307	0.016429
-10.952229	-0.119485	0.023904	0.915417	0.102628	0.388858	0.016403
-10.952029	-0.119985	0.024004	0.914716	0.102994	0.390407	0.016377
-10.951829	-0.120485	0.024104	0.914013	0.103359	0.391956	0.016349
-10.951629	-0.120985	0.024204	0.913307	0.103724	0.393503	0.016321
-10.951429	-0.121485	0.024304	0.912599	0.104088	0.395049	0.016292
-10.951229	-0.121985	0.024404	0.911888	0.104451	0.396594	0.016262
-10.951029	-0.122485	0.024505	0.911173	0.104814	0.398138	0.016231
-10.950829	-0.122985	0.024605	0.910457	0.105177	0.399680	0.016200
-10.950629	-0.123485	0.024705	0.909737	0.105539	0.401222	0.016168
-10.950429	-0.123985	0.024805	0.909015	0.105900	0.402762	0.016134
-10.950229	-0.124485	0.024905	0.908290	0.106261	0.404301	0.016100
-10.950029	-0.124985	0.025005	0.907562	0.106622	0.405839	0.016066
-10.949829	-0.125485	0.025105	0.906831	0.106982	0.407376	0.016030
-10.949629	-0.125986	0.025205	0.906098	0.107341	0.408912	0.015993
-10.949429	-0.126486	0.025305	0.905362	0.107700	0.410446	0.015956
-10.949229	-0.126986	0.025405	0.904623	0.108058	0.411979	0.015918
-10.949029	-0.127486	0.025505	0.903882	0.108416	0.413511	0.015879
-10.948829	-0.127986	0.025605	0.903137	0.108773	0.415042	0.015839
-10.948629	-0.128486	0.025705	0.902391	0.109130	0.416572	0.015798
-10.948429	-0.128986	0.025805	0.901641	0.109486	0.418101	0.015757
-10.948229	-0.129486	0.025905	0.900889	0.109842	0.419628	0.015714
-10.948029	-0.129986	0.026005	0.900134	0.110197	0.421154	0.015671
-10.947829	-0.130486	0.026105	0.899376	0.110552	0.422679	0.015627
-10.947629	-0.130986	0.026205	0.898615	0.110906	0.424202	0.015582
-10.947429	-0.131486	0.026305	0.897852	0.111260	0.425725	0.015536
-10.947229	-0.131986	0.026405	0.897086	0.111613	0.427246	0.015490
-10.947029	-0.132486	0.026505	0.896318	0.111966	0.428766	0.015442
-10.946829	-0.132986	0.026605	0.895546	0.112318	0.430284	0.015394
-10.946630	-0.133486	0.026705	0.894772	0.112669	0.431802	0.015345
-10.946430	-0.133986	0.026805	0.893996	0.113021	0.433318	0.015295
-10.946230	-0.134486	0.026905	0.893216	0.113371	0.434833	0.015244
-10.946030	-0.134986	0.027005	0.892434	0.113721	0.436346	0.015192
-10.945830	-0.135486	0.027105	0.891649	0.114071	0.437859	0.015140
-10.945630	-0.135986	0.027205	0.890862	0.114420	0.439370	0.015086
-10.945430	-0.136486	0.027305	0.890072	0.114768	0.440880	0.015032
-10.945230	-0.136986	0.027405	0.889279	0.115116	0.442388	0.014977
-10.945030	-0.137486	0.027505	0.888483	0.115463	0.443895	0.014921
-10.944830	-0.137987	0.027605	0.887685	0.115810	0.445401	0.014864
-10.944630	-0.138487	0.027705	0.886884	0.116157	0.446906	0.014806
-10.944430	-0.138987	0.027805	0.886081	0.116503	0.448409	0.014747
-10.944230	-0.139487	0.027905	0.885274	0.116848	0.449911	0.014688
-10.944030	-0.139987	0.028005	0.884465	0.117193	0.451412	0.014627
-10.943830	-0.140487	0.028105	0.883654	0.117537	0.452911	0.014566
-10.943630	-0.140987	0.028205	0.882840	0.117881	0.454409	0.014504
-10.943430	-0.141487	0.028305	0.882023	0.118224	0.455906	0.014441
-10.943230	-0.141987	0.028405	0.881203	0.118567	0.457401	0.014377
-10.943030	-0.142487	0.028505	0.880381	0.118909	0.458896	0.014312
-10.942830	-0.142987	0.028605	0.879556	0.119251	0.460388	0.014247
-10.942630	-0.143487	0.028705	0.878729	0.119592	0.461880	0.014180
-10.942430	-0.143987	0.028805	0.877898	0.119933	0.463370	0.014113
-10.942230	-0.144487	0.028905	0.877066	0.120273	0.464858	0.014045
-10.942030	-0.144987	0.029005	0.876230	0.120612	0.466345	0.013976
-10.941830	-0.145487	0.029105	0.875392	0.120952	0.467831	0.013906
-10.941630	-0.145987	0.029205	0.874551	0.121290	0.469316	0.013835
-10.941430	-0.146487	0.029306	0.873708	0.121628	0.470799	0.013763
-10.941230	-0.146987	0.029406	0.872862	0.121966	0.472281	0.013690
-10.941030	-0.147487	0.029506	0.872013	0.122303	0.473761	0.013617
-10.940830	-0.147987	0.029606	0.871162	0.122639	0.475240	0.013542
-10.940630	-0.148487	0.029706	0.870308	0.122975	0.476718	0.013467
-10.940430	-0.148987	0.029806	0.869451	0.123311	0.478194	0.013391
-10.940230	-0.149488	0.029906	0.868592	0.123646	0.479669	0.013313
-10.940030	-0.149988	0.030006	0.867730	0.123980	0.481142	0.013235
-10.939830	-0.150488	0.030106	0.866866	0.124314	0.482614	0.013157
-10.939630	-0.150988	0.030206	0.865999	0.124648	0.484085	0.013077
-10.939430	-0.151488	0.030306	0.865129	0.124980	0.485554	0.012996
-10.939230	-0.151988	0.030406	0.864257	0.125313	0.487021	0.012914
-10.939030	-0.152488	0.030506	0.863382	0.125645	0.488488	0.012832
-10.938830	-0.152988	0.030606	0.862505	0.125976	0.489952	0.012749
-10.938630	-0.153488	0.030706	0.861624	0.126307	0.491416	0.012664
-10.938430	-0.153988	0.030806	0.860742	0.126637	0.492878	0.012579
-10.938230	-0.154488	0.030906	0.859856	0.126967	0.494338	0.012493
-10.938030	-0.154988	0.031006	0.858969	0.127296	0.495797	0.012406
-10.937830	-0.155488	0.031106	0.858078	0.127625	0.497255	0.012318
-10.937630	-0.155988	0.031206	0.857185	0.127953	0.498711	0.012229
-10.937430	-0.156488	0.031306	0.856289	0.128280	0.500165	0.012139
-10.937230	-0.156988	0.031406	0.855391	0.128608	0.501618	0.012048
-10.937030	-0.157488	0.031506	0.854490	0.128934	0.503070	0.011957
-10.936830	-0.157988	0.031606	0.853587	0.129260	0.504520	0.011864
-10.936630	-0.158488	0.031706	0.852681	0.129586	0.505969	0.011771
-10.936430	-0.158988	0.031806	0.851772	0.129911	0.507416	0.011676
-10.936230	-0.159488	0.031906	0.850861	0.130235	0.508862	0.011581
-10.936030	-0.159988	0.032006	0.849947	0.130559	0.510306	0.011485
-10.935830	-0.160488	0.032106	0.849031	0.130883	0.511748	0.011388
-10.935630	-0.160988	0.032206	0.848112	0.131206	0.513189	0.011290
-10.935430	-0.161489	0.032306	0.847191	0.131528	0.514629	0.011191
-10.935230	-0.161989	0.032406	0.846267	0.131850	0.516067	0.011091
-10.935030	-0.162489	0.032506	0.845340	0.132171	0.517504	0.010990
-10.934830	-0.162989	0.032606	0.844411	0.132492	0.518939	0.010888
-10.934630	-0.163489	0.032706	0.843479	0.132812	0.520372	0.010785
-10.934430	-0.163989	0.032806	0.842545	0.133132	0.521804	0.010682
-10.934230	-0.164489	0.032906	0.841608	0.133451	0.523234	0.010577
-10.934030	-0.164989	0.033006	0.840669	0.133770	0.524663	0.010471
-10.933830	-0.165489	0.033106	0.839727	0.134088	0.526090	0.010365
-10.933630	-0.165989	0.033206	0.838783	0.134406	0.527516	0.010257
-10.933430	-0.166489	0.033306	0.837836	0.134723	0.528940	0.010149
-10.933230	-0.166989	0.033406	0.836887	0.135040	0.530362	0.010039
-10.933030	-0.167489	0.033506	0.835935	0.135356	0.531783	0.009929
-10.932830	-0.167989	0.033606	0.834980	0.135671	0.533203	0.009818
-10.932630	-0.168489	0.033706	0.834023	0.135986	0.534621	0.009706
-10.932430	-0.168989	0.033806	0.833063	0.136301	0.536037	0.009593
-10.932230	-0.169489	0.033906	0.832101	0.136615	0.537451	0.009478
-10.932030	-0.169989	0.034006	0.831137	0.136928	0.538864	0.009363
-10.931830	-0.170489	0.034107	0.830170	0.137241	0.540276	0.009247
-10.931630	-0.170989	0.034207	0.829200	0.137554	0.541685	0.009130
-10.931430	-0.171489	0.034307	0.828228	0.137865	0.543094	0.009012
-10.931230	-0.171989	0.034407	0.827253	0.138177	0.544500	0.008893
-10.931030	-0.172489	0.034507	0.826276	0.138487	0.545905	0.008773
-10.930830	-0.172990	0.034607	0.825296	0.138798	0.547308	0.008653
-10.930630	-0.173490	0.034707	0.824314	0.139107	0.548710	0.008531
-10.930430	-0.173990	0.034807	0.823330	0.139417	0.550110	0.008408
-10.930230	-0.174490	0.034907	0.822342	0.139725	0.551508	0.008284
-10.930030	-0.174990	0.035007	0.821353	0.140033	0.552905	0.008159
-10.929830	-0.175490	0.035107	0.820361	0.140341	0.554300	0.008033
-10.929630	-0.175990	0.035207	0.819366	0.140648	0.555693	0.007907
-10.929430	-0.176490	0.035307	0.818369	0.140954	0.557085	0.007779
-10.929230	-0.176990	0.035407	0.817369	0.141260	0.558475	0.007650
-10.929030	-0.177490	0.035507	0.816367	0.141566	0.559863	0.007521
-10.928830	-0.177990	0.035607	0.815363	0.141871	0.561250	0.007390
-10.928630	-0.178490	0.035707	0.814356	0.142175	0.562635	0.007258
-10.928430	-0.178990	0.035807	0.813346	0.142479	0.564018	0.007126
-10.928230	-0.179490	0.035907	0.812334	0.142782	0.565400	0.006992
-10.928030	-0.179990	0.036007	0.811320	0.143085	0.566780	0.006857
-10.927830	-0.180490	0.036107	0.810303	0.143387	0.568158	0.006722
-10.927630	-0.180990	0.036207	0.809284	0.143688	0.569535	0.006585
-10.927430	-0.181490	0.036307	0.808262	0.143990	0.570909	0.006447
-10.927230	-0.181990	0.036407	0.807238	0.144290	0.572283	0.006309
-10.927030	-0.182490	0.036507	0.806211	0.144590	0.573654	0.006169
-10.926830	-0.182990	0.036607	0.805182	0.144890	0.575024	0.006028
-10.926630	-0.183490	0.036707	0.804151	0.145188	0.576392	0.005887
-10.926430	-0.183990	0.036807	0.803117	0.145487	0.577758	0.005744
-10.926230	-0.184491	0.036907	0.802080	0.145785	0.579122	0.005600
-10.926030	-0.184991	0.037007	0.801042	0.146082	0.580485	0.005455
-10.925830	-0.185491	0.037107	0.800000	0.146379	0.581846	0.005310
-10.925630	-0.185991	0.037207	0.798957	0.146675	0.583205	0.005163
-10.925430	-0.186491	0.037307	0.797910	0.146970	0.584563	0.005015
-10.925230	-0.186991	0.037407	0.796862	0.147265	0.585918	0.004866
-10.925030	-0.187491	0.037507	0.795811	0.147560	0.587272	0.004717
-10.924830	-0.187991	0.037607	0.794758	0.147854	0.588624	0.004566
-10.924630	-0.188491	0.037707	0.793702	0.148147	0.589975	0.004414
-10.924430	-0.188991	0.037807	0.792644	0.148440	0.591323	0.004261
-10.924230	-0.189491	0.037907	0.791583	0.148733	0.592670	0.004107
-10.924030	-0.189991	0.038007	0.790520	0.149024	0.594015	0.003952
-10.923830	-0.190491	0.038107	0.789455	0.149316	0.595358	0.003796
-10.923630	-0.190991	0.038207	0.788387	0.149606	0.596700	0.003639
-10.923430	-0.191491	0.038307	0.787317	0.149896	0.598039	0.003481
-10.923230	-0.191991	0.038407	0.786244	0.150186	0.599377	0.003322
-10.923030	-0.192491	0.038507	0.785169	0.150475	0.600713	0.003161
-10.922830	-0.192991	0.038607	0.784092	0.150763	0.602048	0.003000
-10.922630	-0.193491	0.038707	0.783012	0.151051	0.603380	0.002838
-10.922430	-0.193991	0.038807	0.781930	0.151338	0.604710	0.002675
-10.922230	-0.194491	0.038908	0.780846	0.151625	0.606039	0.002510
-10.922030	-0.194991	0.039008	0.779759	0.151911	0.607366	0.002345
-10.921830	-0.195491	0.039108	0.778670	0.152197	0.608691	0.002178
-10.921630	-0.195991	0.039208	0.777578	0.152482	0.610014	0.002011
-10.921430	-0.196492	0.039308	0.776484	0.152767	0.611336	0.001842
-10.921231	-0.196992	0.039408	0.775388	0.153051	0.612655	0.001672
-10.921031	-0.197492	0.039508	0.774289	0.153334	0.613973	0.001502
-10.920831	-0.197992	0.039608	0.773188	0.153617	0.615289	0.001330
-10.920631	-0.198492	0.039708	0.772085	0.153899	0.616603	0.001157
-10.920431	-0.198992	0.039808	0.770979	0.154181	0.617915	0.000983
-10.920231	-0.199492	0.039908	0.769871	0.154462	0.619225	0.000808
-10.920031	-0.199992	0.040008	0.768761	0.154742	0.620533	0.000632
-10.919831	-0.200492	0.040108	0.767648	0.155022	0.621839	0.000455
-10.919631	-0.200992	0.040208	0.766533	0.155302	0.623144	0.000276
-10.919431	-0.201492	0.040308	0.765416	0.155580	0.624447	0.000097
-10.919231	-0.201992	0.040408	0.764296	0.155859	0.625747	-0.000083
-10.919031	-0.202492	0.040508	0.763174	0.156136	0.627046	-0.000265
-10.918831	-0.202992	0.040608	0.762050	0.156413	0.628343	-0.000448
-10.918631	-0.203492	0.040708	0.760923	0.156690	0.629638	-0.000631
-10.918431	-0.203992	0.040808	0.759794	0.156966	0.630931	-0.000816
-10.918231	-0.204492	0.040908	0.758663	0.157241	0.632222	-0.001002
-10.918031	-0.204992	0.041008	0.757529	0.157516	0.633511	-0.001189
-10.917831	-0.205492	0.041108	0.756393	0.157790	0.634799	-0.001377
-10.917631	-0.205992	0.041208	0.755255	0.158064	0.636084	-0.001566
-10.917431	-0.206492	0.041308	0.754115	0.158337	0.637368	-0.001757
-10.917231	-0.206992	0.041408	0.752972	0.158609	0.638649	-0.001948
-10.917031	-0.207492	0.041508	0.751827	0.158881	0.639929	-0.002141
-10.916831	-0.207993	0.041608	0.750680	0.159152	0.641206	-0.002334
-10.916631	-0.208493	0.041708	0.749530	0.159423	0.642482	-0.002529
-10.916431	-0.208993	0.041808	0.748378	0.159693	0.643755	-0.002725
-10.916231	-0.209493	0.041908	0.747224	0.159963	0.645027	-0.002922
-10.916031	-0.209993	0.042008	0.746067	0.160232	0.646297	-0.003120
-10.915831	-0.210493	0.042108	0.744909	0.160500	0.647564	-0.003319
-10.915631	-0.210993	0.042208	0.743748	0.160768	0.648830	-0.003520
-10.915431	-0.211493	0.042308	0.742584	0.161035	0.650094	-0.003721
-10.915231	-0.211993	0.042408	0.741419	0.161301	0.651356	-0.003924
-10.915031	-0.212493	0.042508	0.740251	0.161567	0.652616	-0.004128
-10.914831	-0.212993	0.042608	0.739081	0.161833	0.653873	-0.004333
-10.914631	-0.213493	0.042708	0.737909	0.162097	0.655129	-0.004539
-10.914431	-0.213993	0.042808	0.736734	0.162362	0.656383	-0.004746
-10.914231	-0.214493	0.042908	0.735558	0.162625	0.657635	-0.004954
-10.914031	-0.214993	0.043008	0.734379	0.162888	0.658884	-0.005163
-10.913831	-0.215493	0.043108	0.733197	0.163150	0.660132	-0.005374
-10.913631	-0.215993	0.043208	0.732014	0.163412	0.661378	-0.005586
-10.913431	-0.216493	0.043308	0.730828	0.163673	0.662622	-0.005799
-10.913231	-0.216993	0.043408	0.729640	0.163934	0.663863	-0.006013
-10.913031	-0.217493	0.043508	0.728450	0.164194	0.665103	-0.006228
-10.912831	-0.217993	0.043608	0.727258	0.164453	0.666340	-0.006445
-10.912631	-0.218493	0.043709	0.726063	0.164712	0.667576	-0.006662
-10.912431	-0.218993	0.043809	0.724867	0.164970	0.668809	-0.006881
-10.912231	-0.219493	0.043909	0.723668	0.165227	0.670041	-0.007101
-10.912031	-0.219994	0.044009	0.722467	0.165484	0.671270	-0.007322
-10.911831	-0.220494	0.044109	0.721263	0.165740	0.672497	-0.007544
-10.911631	-0.220994	0.044209	0.720058	0.165996	0.673723	-0.007767
-10.911431	-0.221494	0.044309	0.718850	0.166251	0.674946	-0.007992
-10.911231	-0.221994	0.044409	0.717640	0.166505	0.676167	-0.008218
-10.911031	-0.222494	0.044509	0.716428	0.166759	0.677386	-0.008445
-10.910831	-0.222994	0.044609	0.715213	0.167012	0.678602	-0.008673
-10.910631	-0.223494	0.044709	0.713997	0.167265	0.679817	-0.008902
-10.910431	-0.223994	0.044809	0.712778	0.167517	0.681030	-0.009132
-10.910231	-0.224494	0.044909	0.711557	0.167768	0.682241	-0.009364
-10.910031	-0.224994	0.045009	0.710335	0.168019	0.683449	-0.009597
-10.909831	-0.225494	0.045109	0.709109	0.168269	0.684655	-0.009831
-10.909631	-0.225994	0.045209	0.707882	0.168518	0.685860	-0.010066
-10.909431	-0.226494	0.045309	0.706653	0.168767	0.687062	-0.010303
-10.909231	-0.226994	0.045409	0.705421	0.169015	0.688262	-0.010540
-10.909031	-0.227494	0.045509	0.704187	0.169262	0.689460	-0.010779
-10.908831	-0.227994	0.045609	0.702951	0.169509	0.690655	-0.011019
-10.908631	-0.228494	0.045709	0.701713	0.169755	0.691849	-0.011260
-10.908431	-0.228994	0.045809	0.700473	0.170001	0.693040	-0.011503
-10.908231	-0.229494	0.045909	0.699231	0.170246	0.694230	-0.011746
-10.908031	-0.229994	0.046009	0.697986	0.170490	0.695417	-0.011991
-10.907831	-0.230494	0.046109	0.696740	0.170734	0.696602	-0.012238
-10.907631	-0.230994	0.046209	0.695491	0.170977	0.697785	-0.012485
-10.907431	-0.231495	0.046309	0.694240	0.171219	0.698965	-0.012734
-10.907231	-0.231995	0.046409	0.692987	0.171461	0.700144	-0.012983
-10.907031	-0.232495	0.046509	0.691732	0.171702	0.701320	-0.013234
-10.906831	-0.232995	0.046609	0.690475	0.171942	0.702494	-0.013487
-10.906631	-0.233495	0.046709	0.689216	0.172182	0.703666	-0.013740
-10.906431	-0.233995	0.046809	0.687954	0.172421	0.704836	-0.013995
-10.906231	-0.234495	0.046909	0.686691	0.172659	0.706004	-0.014251
-10.906031	-0.234995	0.047009	0.685425	0.172897	0.707169	-0.014508
-10.905831	-0.235495	0.047109	0.684158	0.173134	0.708332	-0.014766
-10.905631	-0.235995	0.047209	0.682888	0.173371	0.709493	-0.015026
-10.905431	-0.236495	0.047309	0.681616	0.173606	0.710652	-0.015287
-10.905231	-0.236995	0.047409	0.680342	0.173841	0.711809	-0.015549
-10.905031	-0.237495	0.047509	0.679066	0.174076	0.712963	-0.015813
-10.904831	-0.237995	0.047609	0.677788	0.174309	0.714115	-0.016077
-10.904631	-0.238495	0.047709	0.676508	0.174543	0.715265	-0.016343
-10.904431	-0.238995	0.047809	0.675226	0.174775	0.716413	-0.016611
-10.904231	-0.239495	0.047909	0.673942	0.175007	0.717558	-0.016879
-10.904031	-0.239995	0.048009	0.672656	0.175238	0.718702	-0.017149
-10.903831	-0.240495	0.048109	0.671367	0.175468	0.719843	-0.017420
-10.903631	-0.240995	0.048209	0.670077	0.175698	0.720981	-0.017692
-10.903431	-0.241495	0.048309	0.668785	0.175927	0.722118	-0.017966
-10.903231	-0.241995	0.048409	0.667490	0.176155	0.723252	-0.018240
-10.903031	-0.242495	0.048510	0.666194	0.176383	0.724384	-0.018517
-10.902831	-0.242995	0.048610	0.664895	0.176610	0.725514	-0.018794
-10.902631	-0.243496	0.048710	0.663595	0.176836	0.726641	-0.019073
-10.902431	-0.243996	0.048810	0.662292	0.177061	0.727766	-0.019353
-10.902231	-0.244496	0.048910	0.660988	0.177286	0.728889	-0.019634
-10.902031	-0.244996	0.049010	0.659681	0.177511	0.730010	-0.019916
-10.901831	-0.245496	0.049110	0.658373	0.177734	0.731128	-0.020200
-10.901631	-0.245996	0.049210	0.657062	0.177957	0.732244	-0.020485
-10.901431	-0.246496	0.049310	0.655750	0.178179	0.733358	-0.020772
-10.901231	-0.246996	0.049410	0.654435	0.178400	0.734469	-0.021060
-10.901031	-0.247496	0.049510	0.653119	0.178621	0.735578	-0.021349
-10.900831	-0.247996	0.049610	0.651800	0.178841	0.736685	-0.021639
-10.900631	-0.248496	0.049710	0.650479	0.179060	0.737789	-0.021931
-10.900431	-0.248996	0.049810	0.649157	0.179279	0.738891	-0.022224
-10.900231	-0.249496	0.049910	0.647833	0.179496	0.739991	-0.022518
-10.900031	-0.249996	0.050010	0.646506	0.179713	0.741089	-0.022814
-10.899831	-0.250496	0.050110	0.645178	0.179930	0.742184	-0.023111
-10.899631	-0.250996	0.050210	0.643847	0.180146	0.743277	-0.023409
-10.899431	-0.251496	0.050310	0.642515	0.180360	0.744367	-0.023708
-10.899231	-0.251996	0.050410	0.641181	0.180575	0.745455	-0.024009
-10.899031	-0.252496	0.050510	0.639844	0.180788	0.746541	-0.024312
-10.898831	-0.252996	0.050610	0.638506	0.181001	0.747625	-0.024615
-10.898631	-0.253496	0.050710	0.637166	0.181213	0.748706	-0.024920
-10.898431	-0.253996	0.050810	0.635824	0.181424	0.749784	-0.025226
-10.898231	-0.254496	0.050910	0.634480	0.181635	0.750861	-0.025534
-10.898031	-0.254997	0.051010	0.633134	0.181845	0.751935	-0.025843
-10.897831	-0.255497	0.051110	0.631786	0.182054	0.753006	-0.026153
-10.897631	-0.255997	0.051210	0.630437	0.182262	0.754076	-0.026465
-10.897431	-0.256497	0.051310	0.629085	0.182470	0.755142	-0.026778
-10.897231	-0.256997	0.051410	0.627731	0.182676	0.756207	-0.027092
-10.897031	-0.257497	0.051510	0.626376	0.182883	0.757269	-0.027408
-10.896831	-0.257997	0.051610	0.625018	0.183088	0.758329	-0.027725
-10.896631	-0.258497	0.051710	0.623659	0.183292	0.759386	-0.028043
-10.896431	-0.258997	0.051810	0.622298	0.183496	0.760441	-0.028363
-10.896231	-0.259497	0.051910	0.620935	0.183699	0.761493	-0.028684
-10.896031	-0.259997	0.052010	0.619570	0.183902	0.762543	-0.029006
-10.895832	-0.260497	0.052110	0.618203	0.184103	0.763591	-0.029330
-10.895632	-0.260997	0.052210	0.616834	0.184304	0.764636	-0.029656
-10.895432	-0.261497	0.052310	0.615463	0.184504	0.765679	-0.029982
-10.895232	-0.261997	0.052410	0.614091	0.184703	0.766719	-0.030310
-10.895032	-0.262497	0.052510	0.612717	0.184902	0.767757	-0.030640
-10.894832	-0.262997	0.052610	0.611340	0.185100	0.768792	-0.030970
-10.894632	-0.263497	0.052710	0.609962	0.185296	0.769825	-0.031303
-10.894432	-0.263997	0.052810	0.608583	0.185493	0.770856	-0.031636
-10.894232	-0.264497	0.052910	0.607201	0.185688	0.771884	-0.031971
-10.894032	-0.264997	0.053010	0.605817	0.185883	0.772910	-0.032307
-10.893832	-0.265497	0.053110	0.604432	0.186076	0.773933	-0.032645
-10.893632	-0.265997	0.053210	0.603044	0.186269	0.774954	-0.032984
-10.893432	-0.266497	0.053311	0.601655	0.186462	0.775972	-0.033325
-10.893232	-0.266998	0.053411	0.600264	0.186653	0.776988	-0.033667
-10.893032	-0.267498	0.053511	0.598872	0.186844	0.778001	-0.034010
-10.892832	-0.267998	0.053611	0.597477	0.187034	0.779012	-0.034355
-10.892632	-0.268498	0.053711	0.596081	0.187222	0.780020	-0.034701
-10.892432	-0.268998	0.053811	0.594683	0.187411	0.781026	-0.035048
-10.892232	-0.269498	0.053911	0.593283	0.187598	0.782029	-0.035397
-10.892032	-0.269998	0.054011	0.591881	0.187785	0.783030	-0.035748
-10.891832	-0.270498	0.054111	0.590477	0.187971	0.784028	-0.036100
-10.891632	-0.270998	0.054211	0.589072	0.188155	0.785024	-0.036453
-10.891432	-0.271498	0.054311	0.587665	0.188340	0.786017	-0.036808
-10.891232	-0.271998	0.054411	0.586256	0.188523	0.787008	-0.037164
-10.891032	-0.272498	0.054511	0.584845	0.188705	0.787996	-0.037521
-10.890832	-0.272998	0.054611	0.583433	0.188887	0.788982	-0.037880
-10.890632	-0.273498	0.054711	0.582019	0.189068	0.789965	-0.038241
-10.890432	-0.273998	0.054811	0.580603	0.189248	0.790946	-0.038603
-10.890232	-0.274498	0.054911	0.579185	0.189427	0.791924	-0.038966
-10.890032	-0.274998	0.055011	0.577765	0.189606	0.792900	-0.039331
-10.889832	-0.275498	0.055111	0.576344	0.189783	0.793873	-0.039697
-10.889632	-0.275998	0.055211	0.574921	0.189960	0.794843	-0.040065
-10.889432	-0.276498	0.055311	0.573496	0.190136	0.795811	-0.040434
-10.889232	-0.276998	0.055411	0.572070	0.190311	0.796776	-0.040805
-10.889032	-0.277498	0.055511	0.570642	0.190485	0.797739	-0.041177
-10.888832	-0.277998	0.055611	0.569212	0.190658	0.798699	-0.041550
-10.888632	-0.278499	0.055711	0.567780	0.190830	0.799657	-0.041925
-10.888432	-0.278999	0.055811	0.566347	0.191002	0.800612	-0.042302
-10.888232	-0.279499	0.055911	0.564912	0.191173	0.801565	-0.042679
-10.888032	-0.279999	0.056011	0.563475	0.191343	0.802514	-0.043059
-10.887832	-0.280499	0.056111	0.562037	0.191511	0.803462	-0.043440
-10.887632	-0.280999	0.056211	0.560597	0.191680	0.804406	-0.043822
-10.887432	-0.281499	0.056311	0.559155	0.191847	0.805349	-0.044206
-10.887232	-0.281999	0.056411	0.557712	0.192013	0.806288	-0.044591
-10.887032	-0.282499	0.056511	0.556266	0.192179	0.807225	-0.044978
-10.886832	-0.282999	0.056611	0.554820	0.192343	0.808159	-0.045366
-10.886632	-0.283499	0.056711	0.553371	0.192507	0.809091	-0.045756
-10.886432	-0.283999	0.056811	0.551921	0.192670	0.810020	-0.046147
-10.886232	-0.284499	0.056911	0.550469	0.192832	0.810946	-0.046540
-10.886032	-0.284999	0.057011	0.549016	0.192993	0.811870	-0.046934
-10.885832	-0.285499	0.057111	0.547561	0.193153	0.812791	-0.047330
-10.885632	-0.285999	0.057211	0.546104	0.193312	0.813710	-0.047728
-10.885432	-0.286499	0.057311	0.544645	0.193470	0.814625	-0.048126
-10.885232	-0.286999	0.057411	0.543185	0.193628	0.815539	-0.048527
-10.885032	-0.287499	0.057511	0.541724	0.193784	0.816449	-0.048928
-10.884832	-0.287999	0.057611	0.540260	0.193940	0.817357	-0.049332
-10.884632	-0.288499	0.057711	0.538795	0.194094	0.818262	-0.049737
-10.884432	-0.288999	0.057811	0.537329	0.194248	0.819165	-0.050143
-10.884232	-0.289499	0.057911	0.535861	0.194401	0.820065	-0.050551
-10.884032	-0.289999	0.058011	0.534391	0.194553	0.820962	-0.050960
-10.883832	-0.290500	0.058112	0.532920	0.194704	0.821856	-0.051371
-10.883632	-0.291000	0.058212	0.531447	0.194854	0.822748	-0.051784
-10.883432	-0.291500	0.058312	0.529972	0.195003	0.823637	-0.052198
-10.883232	-0.292000	0.058412	0.528496	0.195151	0.824524	-0.052613
-10.883032	-0.292500	0.058512	0.527019	0.195298	0.825408	-0.053030
-10.882832	-0.293000	0.058612	0.525539	0.195445	0.826289	-0.053449
-10.882632	-0.293500	0.058712	0.524059	0.195590	0.827167	-0.053869
-10.882432	-0.294000	0.058812	0.522576	0.195734	0.828043	-0.054291
-10.882232	-0.294500	0.058912	0.521092	0.195878	0.828916	-0.054714
-10.882032	-0.295000	0.059012	0.519607	0.196020	0.829786	-0.055139
-10.881832	-0.295500	0.059112	0.518120	0.196162	0.830653	-0.055565
-10.881632	-0.296000	0.059212	0.516631	0.196302	0.831518	-0.055993
-10.881432	-0.296500	0.059312	0.515141	0.196442	0.832380	-0.056422
-10.881232	-0.297000	0.059412	0.513649	0.196580	0.833240	-0.056853
-10.881032	-0.297500	0.059512	0.512156	0.196718	0.834096	-0.057286
-10.880832	-0.298000	0.059612	0.510662	0.196855	0.834950	-0.057720
-10.880632	-0.298500	0.059712	0.509165	0.196990	0.835801	-0.058156
-10.880432	-0.299000	0.059812	0.507668	0.197125	0.836649	-0.058593
-10.880232	-0.299500	0.059912	0.506168	0.197258	0.837495	-0.059032
-10.880032	-0.300000	0.060012	0.504668	0.197391	0.838338	-0.059472
-10.879832	-0.300500	0.060112	0.503166	0.197523	0.839178	-0.059914
-10.879632	-0.301000	0.060212	0.501662	0.197653	0.840015	-0.060358
-10.879432	-0.301500	0.060312	0.500157	0.197783	0.840850	-0.060803
-10.879232	-0.302001	0.060412	0.498650	0.197912	0.841681	-0.061250
-10.879032	-0.302501	0.060512	0.497142	0.198039	0.842510	-0.061698
-10.878832	-0.303001	0.060612	0.495632	0.198166	0.843336	-0.062148
-10.878632	-0.303501	0.060712	0.494121	0.198291	0.844160	-0.062599
-10.878432	-0.304001	0.060812	0.492609	0.198416	0.844980	-0.063052
-10.878232	-0.304501	0.060912	0.491095	0.198540	0.845798	-0.063507
-10.878032	-0.305001	0.061012	0.489580	0.198662	0.846613	-0.063963
-10.877832	-0.305501	0.061112	0.488063	0.198784	0.847425	-0.064421
-10.877632	-0.306001	0.061212	0.486544	0.198904	0.848235	-0.064881
-10.877432	-0.306501	0.061312	0.485025	0.199023	0.849041	-0.065342
-10.877232	-0.307001	0.061412	0.483504	0.199142	0.849845	-0.065805
-10.877032	-0.307501	0.061512	0.481981	0.199259	0.850646	-0.066269
-10.876832	-0.308001	0.061612	0.480457	0.199375	0.851444	-0.066735
-10.876632	-0.308501	0.061712	0.478932	0.199491	0.852239	-0.067202
-10.876432	-0.309001	0.061812	0.477405	0.199605	0.853032	-0.067671
-10.876232	-0.309501	0.061912	0.475877	0.199718	0.853821	-0.068142
-10.876032	-0.310001	0.062012	0.474347	0.199830	0.854608	-0.068615
-10.875832	-0.310501	0.062112	0.472816	0.199941	0.855392	-0.069089
-10.875632	-0.311001	0.062212	0.471284	0.200051	0.856173	-0.069564
-10.875432	-0.311501	0.062312	0.469751	0.200159	0.856951	-0.070042
-10.875232	-0.312001	0.062412	0.468216	0.200267	0.857726	-0.070521
-10.875032	-0.312501	0.062512	0.466679	0.200374	0.858499	-0.071001
-10.874832	-0.313001	0.062612	0.465141	0.200479	0.859268	-0.071483
-10.874632	-0.313502	0.062712	0.463602	0.200583	0.860035	-0.071967
-10.874432	-0.314002	0.062812	0.462062	0.200687	0.860799	-0.072452
-10.874232	-0.314502	0.062913	0.460520	0.200789	0.861560	-0.072940
-10.874032	-0.315002	0.063013	0.458977	0.200890	0.862318	-0.073428
-10.873832	-0.315502	0.063113	0.457433	0.200990	0.863073	-0.073919
-10.873632	-0.316002	0.063213	0.455887	0.201089	0.863825	-0.074411
-10.873432	-0.316502	0.063313	0.454340	0.201187	0.864574	-0.074904
-10.873232	-0.317002	0.063413	0.452791	0.201283	0.865321	-0.075400
-10.873032	-0.317502	0.063513	0.451242	0.201379	0.866064	-0.075897
-10.872832	-0.318002	0.063613	0.449691	0.201473	0.866805	-0.076395
-10.872632	-0.318502	0.063713	0.448139	0.201566	0.867542	-0.076896
-10.872432	-0.319002	0.063813	0.446585	0.201658	0.868277	-0.077398
-10.872232	-0.319502	0.063913	0.445030	0.201749	0.869009	-0.077901
-10.872032	-0.320002	0.064013	0.443474	0.201839	0.869738	-0.078407
-10.871832	-0.320502	0.064113	0.441917	0.201928	0.870464	-0.078914
-10.871632	-0.321002	0.064213	0.440358	0.202015	0.871187	-0.079422
-10.871432	-0.321502	0.064313	0.438798	0.202101	0.871907	-0.079933
-10.871232	-0.322002	0.064413	0.437237	0.202187	0.872624	-0.080445
-10.871032	-0.322502	0.064513	0.435675	0.202271	0.873338	-0.080958
-10.870832	-0.323002	0.064613	0.434111	0.202353	0.874050	-0.081474
-10.870633	-0.323502	0.064713	0.432546	0.202435	0.874758	-0.081991
-10.870433	-0.324002	0.064813	0.430980	0.202515	0.875463	-0.082509
-10.870233	-0.324502	0.064913	0.429413	0.202595	0.876165	-0.083030
-10.870033	-0.325002	0.065013	0.427845	0.202673	0.876865	-0.083552
-10.869833	-0.325503	0.065113	0.426275	0.202749	0.877561	-0.084076
-10.869633	-0.326003	0.065213	0.424704	0.202825	0.878255	-0.084601
-10.869433	-0.326503	0.065313	0.423132	0.202899	0.878945	-0.085128
-10.869233	-0.327003	0.065413	0.421559	0.202973	0.879632	-0.085657
-10.869033	-0.327503	0.065513	0.419984	0.203045	0.880317	-0.086188
-10.868833	-0.328003	0.065613	0.418409	0.203116	0.880998	-0.086720
-10.868633	-0.328503	0.065713	0.416832	0.203185	0.881677	-0.087254
-10.868433	-0.329003	0.065813	0.415254	0.203254	0.882352	-0.087790
-10.868233	-0.329503	0.065913	0.413675	0.203321	0.883024	-0.088327
-10.868033	-0.330003	0.066013	0.412095	0.203387	0.883694	-0.088866
-10.867833	-0.330503	0.066113	0.410513	0.203451	0.884360	-0.089407
-10.867633	-0.331003	0.066213	0.408931	0.203514	0.885024	-0.089949
-10.867433	-0.331503	0.066313	0.407347	0.203577	0.885684	-0.090494
-10.867233	-0.332003	0.066413	0.405762	0.203638	0.886341	-0.091040
-10.867033	-0.332503	0.066513	0.404176	0.203697	0.886995	-0.091587
-10.866833	-0.333003	0.066613	0.402589	0.203755	0.887647	-0.092137
-10.866633	-0.333503	0.066713	0.401001	0.203813	0.888295	-0.092688
-10.866433	-0.334003	0.066813	0.399412	0.203868	0.888940	-0.093240
-10.866233	-0.334503	0.066913	0.397822	0.203923	0.889582	-0.093795
-10.866033	-0.335003	0.067013	0.396230	0.203976	0.890221	-0.094351
-10.865833	-0.335503	0.067113	0.394638	0.204028	0.890857	-0.094909
-10.865633	-0.336003	0.067213	0.393044	0.204079	0.891490	-0.095469
-10.865433	-0.336503	0.067313	0.391450	0.204128	0.892119	-0.096030
-10.865233	-0.337004	0.067413	0.389854	0.204176	0.892746	-0.096594
-10.865033	-0.337504	0.067513	0.388257	0.204223	0.893370	-0.097158
-10.864833	-0.338004	0.067613	0.386659	0.204268	0.893990	-0.097725
-10.864633	-0.338504	0.067714	0.385061	0.204313	0.894608	-0.098294
-10.864433	-0.339004	0.067814	0.383461	0.204355	0.895222	-0.098864
-10.864233	-0.339504	0.067914	0.381860	0.204397	0.895833	-0.099436
-10.864033	-0.340004	0.068014	0.380258	0.204437	0.896442	-0.100009
-10.863833	-0.340504	0.068114	0.378655	0.204476	0.897047	-0.100585
-10.863633	-0.341004	0.068214	0.377051	0.204513	0.897649	-0.101162
-10.863433	-0.341504	0.068314	0.375446	0.204549	0.898247	-0.101741
-10.863233	-0.342004	0.068414	0.373840	0.204584	0.898843	-0.102321
-10.863033	-0.342504	0.068514	0.372233	0.204617	0.899436	-0.102904
-10.862833	-0.343004	0.068614	0.370626	0.204650	0.900025	-0.103488
-10.862633	-0.343504	0.068714	0.369017	0.204680	0.900612	-0.104074
-10.862433	-0.344004	0.068814	0.367407	0.204710	0.901195	-0.104661
-10.862233	-0.344504	0.068914	0.365796	0.204738	0.901775	-0.105251
-10.862033	-0.345004	0.069014	0.364185	0.204764	0.902352	-0.105842
-10.861833	-0.345504	0.069114	0.362572	0.204789	0.902926	-0.106435
-10.861633	-0.346004	0.069214	0.360958	0.204813	0.903496	-0.107029
-10.861433	-0.346504	0.069314	0.359344	0.204835	0.904064	-0.107626
-10.861233	-0.347004	0.069414	0.357728	0.204856	0.904628	-0.108224
-10.861033	-0.347504	0.069514	0.356112	0.204876	0.905189	-0.108824
-10.860833	-0.348004	0.069614	0.354495	0.204894	0.905747	-0.109426
-10.860633	-0.348504	0.069714	0.352876	0.204911	0.906302	-0.110029
-10.860433	-0.349005	0.069814	0.351257	0.204926	0.906854	-0.110634
-10.860233	-0.349505	0.069914	0.349637	0.204940	0.907402	-0.111241
-10.860033	-0.350005	0.070014	0.348017	0.204952	0.907947	-0.111850
-10.859833	-0.350505	0.070114	0.346395	0.204963	0.908490	-0.112461
-10.859633	-0.351005	0.070214	0.344772	0.204973	0.909028	-0.113073
-10.859433	-0.351505	0.070314	0.343149	0.204981	0.909564	-0.113687
-10.859233	-0.352005	0.070414	0.341524	0.204988	0.910097	-0.114303
-10.859033	-0.352505	0.070514	0.339899	0.204993	0.910626	-0.114921
-10.858833	-0.353005	0.070614	0.338273	0.204997	0.911152	-0.115541
-10.858633	-0.353505	0.070714	0.336646	0.204999	0.911675	-0.116162
-10.858433	-0.354005	0.070814	0.335019	0.205000	0.912194	-0.116785
-10.858233	-0.354505	0.070914	0.333390	0.204999	0.912711	-0.117410
-10.858033	-0.355005	0.071014	0.331761	0.204997	0.913224	-0.118036
-10.857833	-0.355505	0.071114	0.330131	0.204993	0.913734	-0.118665
-10.857633	-0.356005	0.071214	0.328500	0.204988	0.914241	-0.119295
-10.857433	-0.356505	0.071314	0.326868	0.204982	0.914744	-0.119927
-10.857233	-0.357005	0.071414	0.325236	0.204973	0.915245	-0.120561
-10.857033	-0.357505	0.071514	0.323603	0.204964	0.915742	-0.121196
-10.856833	-0.358005	0.071614	0.321969	0.204953	0.916235	-0.121834
-10.856633	-0.358505	0.071714	0.320334	0.204940	0.916726	-0.122473
-10.856433	-0.359005	0.071814	0.318698	0.204925	0.917213	-0.123114
-10.856233	-0.359505	0.071914	0.317062	0.204910	0.917697	-0.123757
-10.856033	-0.360005	0.072014	0.315425	0.204892	0.918178	-0.124401
-10.855833	-0.360506	0.072114	0.313788	0.204874	0.918655	-0.125048
-10.855633	-0.361006	0.072214	0.312149	0.204853	0.919129	-0.125696
-10.855433	-0.361506	0.072314	0.310510	0.204831	0.919600	-0.126346
-10.855233	-0.362006	0.072414	0.308870	0.204808	0.920068	-0.126998
-10.855033	-0.362506	0.072515	0.307230	0.204782	0.920532	-0.127651
-10.854833	-0.363006	0.072615	0.305588	0.204756	0.920993	-0.128307
-10.854633	-0.363506	0.072715	0.303946	0.204727	0.921451	-0.128964
-10.854433	-0.364006	0.072815	0.302304	0.204698	0.921905	-0.129623
-10.854233	-0.364506	0.072915	0.300660	0.204666	0.922356	-0.130284
-10.854033	-0.365006	0.073015	0.299017	0.204633	0.922804	-0.130946
-10.853833	-0.365506	0.073115	0.297372	0.204598	0.923249	-0.131611
-10.853633	-0.366006	0.073215	0.295727	0.204562	0.923690	-0.132277
-10.853433	-0.366506	0.073315	0.294081	0.204524	0.924128	-0.132945
-10.853233	-0.367006	0.073415	0.292434	0.204485	0.924562	-0.133615
-10.853033	-0.367506	0.073515	0.290787	0.204444	0.924993	-0.134286
-10.852833	-0.368006	0.073615	0.289139	0.204401	0.925421	-0.134960
-10.852633	-0.368506	0.073715	0.287491	0.204357	0.925846	-0.135635
-10.852433	-0.369006	0.073815	0.285842	0.204311	0.926267	-0.136312
-10.852233	-0.369506	0.073915	0.284193	0.204263	0.926685	-0.136991
-10.852033	-0.370006	0.074015	0.282542	0.204214	0.927099	-0.137672
-10.851833	-0.370506	0.074115	0.280892	0.204163	0.927510	-0.138354
-10.851633	-0.371006	0.074215	0.279241	0.204110	0.927918	-0.139038
-10.851433	-0.371506	0.074315	0.277589	0.204056	0.928323	-0.139725
-10.851233	-0.372006	0.074415	0.275936	0.204000	0.928724	-0.140413
-10.851033	-0.372507	0.074515	0.274283	0.203942	0.929121	-0.141102
-10.850833	-0.373007	0.074615	0.272630	0.203883	0.929516	-0.141794
-10.850633	-0.373507	0.074715	0.270976	0.203822	0.929907	-0.142487
-10.850433	-0.374007	0.074815	0.269321	0.203759	0.930294	-0.143182
-10.850233	-0.374507	0.074915	0.267666	0.203694	0.930678	-0.143879
-10.850033	-0.375007	0.075015	0.266011	0.203628	0.931059	-0.144578
-10.849833	-0.375507	0.075115	0.264355	0.203560	0.931436	-0.145279
-10.849633	-0.376007	0.075215	0.262698	0.203491	0.931810	-0.145981
-10.849433	-0.376507	0.075315	0.261041	0.203419	0.932181	-0.146686
-10.849233	-0.377007	0.075415	0.259384	0.203346	0.932548	-0.147392
-10.849033	-0.377507	0.075515	0.257726	0.203271	0.932912	-0.148100
-10.848833	-0.378007	0.075615	0.256068	0.203195	0.933272	-0.148810
-10.848633	-0.378507	0.075715	0.254409	0.203116	0.933629	-0.149521
-10.848433	-0.379007	0.075815	0.252750	0.203036	0.933983	-0.150235
-10.848233	-0.379507	0.075915	0.251090	0.202954	0.934333	-0.150950
-10.848033	-0.380007	0.076015	0.249430	0.202871	0.934679	-0.151667
-10.847833	-0.380507	0.076115	0.247769	0.202785	0.935023	-0.152386
-10.847633	-0.381007	0.076215	0.246108	0.202698	0.935362	-0.153106
-10.847433	-0.381507	0.076315	0.244447	0.202609	0.935699	-0.153829
-10.847233	-0.382007	0.076415	0.242785	0.202518	0.936032	-0.154553
-10.847033	-0.382507	0.076515	0.241123	0.202425	0.936361	-0.155279
-10.846833	-0.383007	0.076615	0.239461	0.202331	0.936687	-0.156007
-10.846633	-0.383507	0.076715	0.237798	0.202235	0.937009	-0.156737
-10.846433	-0.384008	0.076815	0.236135	0.202137	0.937329	-0.157468
-10.846233	-0.384508	0.076915	0.234471	0.202037	0.937644	-0.158202
-10.846033	-0.385008	0.077015	0.232808	0.201935	0.937956	-0.158937
-10.845833	-0.385508	0.077115	0.231143	0.201831	0.938265	-0.159674
-10.845633	-0.386008	0.077215	0.229479	0.201726	0.938570	-0.160413
-10.845433	-0.386508	0.077316	0.227814	0.201619	0.938872	-0.161154
-10.845234	-0.387008	0.077416	0.226149	0.201509	0.939170	-0.161896
-10.845034	-0.387508	0.077516	0.224484	0.201398	0.939465	-0.162640
-10.844834	-0.388008	0.077616	0.222818	0.201286	0.939756	-0.163386
-10.844634	-0.388508	0.077716	0.221152	0.201171	0.940044	-0.164134
-10.844434	-0.389008	0.077816	0.219486	0.201054	0.940328	-0.164884
-10.844234	-0.389508	0.077916	0.217819	0.200936	0.940609	-0.165636
-10.844034	-0.390008	0.078016	0.216153	0.200815	0.940886	-0.166389
-10.843834	-0.390508	0.078116	0.214486	0.200693	0.941159	-0.167144
-10.843634	-0.391008	0.078216	0.212819	0.200568	0.941430	-0.167901
-10.843434	-0.391508	0.078316	0.211151	0.200442	0.941696	-0.168660
-10.843234	-0.392008	0.078416	0.209484	0.200314	0.941959	-0.169420
-10.843034	-0.392508	0.078516	0.207816	0.200184	0.942219	-0.170183
-10.842834	-0.393008	0.078616	0.206148	0.200052	0.942475	-0.170947
-10.842634	-0.393508	0.078716	0.204480	0.199918	0.942728	-0.171713
-10.842434	-0.394008	0.078816	0.202811	0.199782	0.942977	-0.172481
-10.842234	-0.394508	0.078916	0.201143	0.199644	0.943222	-0.173251
-10.842034	-0.395008	0.079016	0.199474	0.199505	0.943464	-0.174022
-10.841834	-0.395508	0.079116	0.197805	0.199363	0.943702	-0.174795
-10.841634	-0.396009	0.079216	0.196136	0.199219	0.943937	-0.175570
-10.841434	-0.396509	0.079316	0.194467	0.199073	0.944168	-0.176347
-10.841234	-0.397009	0.079416	0.192798	0.198926	0.944396	-0.177126
-10.841034	-0.397509	0.079516	0.191128	0.198776	0.944620	-0.177906
-10.840834	-0.398009	0.079616	0.189459	0.198624	0.944841	-0.178688
-10.840634	-0.398509	0.079716	0.187789	0.198470	0.945058	-0.179473
-10.840434	-0.399009	0.079816	0.186120	0.198315	0.945271	-0.180258
-10.840234	-0.399509	0.079916	0.184450	0.198157	0.945481	-0.181046
-10.840034	-0.400009	0.080016	0.182780	0.197997	0.945687	-0.181835
-10.839834	-0.400509	0.080116	0.181110	0.197835	0.945890	-0.182627
-10.839634	-0.401009	0.080216	0.179441	0.197671	0.946089	-0.183420
-10.839434	-0.401509	0.080316	0.177771	0.197506	0.946284	-0.184214
-10.839234	-0.402009	0.080416	0.176101	0.197337	0.946476	-0.185011
-10.839034	-0.402509	0.080516	0.174431	0.197167	0.946665	-0.185809
-10.838834	-0.403009	0.080616	0.172761	0.196995	0.946849	-0.186610
-10.838634	-0.403509	0.080716	0.171091	0.196821	0.947030	-0.187412
-10.838434	-0.404009	0.080816	0.169421	0.196645	0.947208	-0.188215
-10.838234	-0.404509	0.080916	0.167751	0.196466	0.947381	-0.189021
-10.838034	-0.405009	0.081016	0.166081	0.196286	0.947552	-0.189828
-10.837834	-0.405509	0.081116	0.164411	0.196103	0.947718	-0.190637
-10.837634	-0.406009	0.081216	0.162741	0.195919	0.947881	-0.191448
-10.837434	-0.406509	0.081316	0.161072	0.195732	0.948040	-0.192261
-10.837234	-0.407009	0.081416	0.159402	0.195543	0.948196	-0.193075
-10.837034	-0.407510	0.081516	0.157732	0.195352	0.948348	-0.193891
-10.836834	-0.408010	0.081616	0.156063	0.195159	0.948497	-0.194709
-10.836634	-0.408510	0.081716	0.154393	0.194964	0.948641	-0.195529
-10.836434	-0.409010	0.081816	0.152724	0.194766	0.948782	-0.196350
-10.836234	-0.409510	0.081916	0.151055	0.194566	0.948920	-0.197174
-10.836034	-0.410010	0.082016	0.149386	0.194365	0.949054	-0.197999
-10.835834	-0.410510	0.082117	0.147717	0.194161	0.949184	-0.198825
-10.835634	-0.411010	0.082217	0.146048	0.193955	0.949310	-0.199654
-10.835434	-0.411510	0.082317	0.144379	0.193746	0.949433	-0.200484
-10.835234	-0.412010	0.082417	0.142711	0.193536	0.949552	-0.201316
-10.835034	-0.412510	0.082517	0.141042	0.193323	0.949668	-0.202150
-10.834834	-0.413010	0.082617	0.139374	0.193108	0.949779	-0.202986
-10.834634	-0.413510	0.082717	0.137706	0.192891	0.949887	-0.203823
-10.834434	-0.414010	0.082817	0.136039	0.192672	0.949992	-0.204662
-10.834234	-0.414510	0.082917	0.134371	0.192450	0.950093	-0.205503
-10.834034	-0.415010	0.083017	0.132704	0.192226	0.950190	-0.206345
-10.833834	-0.415510	0.083117	0.131037	0.192000	0.950283	-0.207189
-10.833634	-0.416010	0.083217	0.129370	0.191772	0.950373	-0.208035
-10.833434	-0.416510	0.083317	0.127704	0.191542	0.950459	-0.208883
-10.833234	-0.417010	0.083417	0.126037	0.191309	0.950541	-0.209732
-10.833034	-0.417510	0.083517	0.124371	0.191074	0.950619	-0.210584
-10.832834	-0.418010	0.083617	0.122706	0.190836	0.950694	-0.211437
-10.832634	-0.418510	0.083717	0.121040	0.190597	0.950765	-0.212291
-10.832434	-0.419010	0.083817	0.119375	0.190355	0.950833	-0.213147
-10.832234	-0.419511	0.083917	0.117711	0.190111	0.950896	-0.214005
-10.832034	-0.420011	0.084017	0.116046	0.189864	0.950956	-0.214865
-10.831834	-0.420511	0.084117	0.114382	0.189616	0.951012	-0.215727
-10.831634	-0.421011	0.084217	0.112718	0.189364	0.951065	-0.216590
-10.831434	-0.421511	0.084317	0.111055	0.189111	0.951114	-0.217455
-10.831234	-0.422011	0.084417	0.109392	0.188855	0.951159	-0.218321
-10.831034	-0.422511	0.084517	0.107729	0.188597	0.951200	-0.219190
-10.830834	-0.423011	0.084617	0.106067	0.188337	0.951238	-0.220060
-10.830634	-0.423511	0.084717	0.104405	0.188074	0.951271	-0.220931
-10.830434	-0.424011	0.084817	0.102744	0.187809	0.951301	-0.221805
-10.830234	-0.424511	0.084917	0.101083	0.187541	0.951328	-0.222680
-10.830034	-0.425011	0.085017	0.099423	0.187271	0.951350	-0.223556
-10.829834	-0.425511	0.085117	0.097762	0.186999	0.951369	-0.224435
-10.829634	-0.426011	0.085217	0.096103	0.186725	0.951384	-0.225315
-10.829434	-0.426511	0.085317	0.094444	0.186448	0.951395	-0.226197
-10.829234	-0.427011	0.085417	0.092785	0.186168	0.951403	-0.227080
-10.829034	-0.427511	0.085517	0.091127	0.185887	0.951406	-0.227965
-10.828834	-0.428011	0.085617	0.089469	0.185602	0.951406	-0.228852
-10.828634	-0.428511	0.085717	0.087812	0.185316	0.951402	-0.229740
-10.828434	-0.429011	0.085817	0.086155	0.185027	0.951395	-0.230630
-10.828234	-0.429511	0.085917	0.084499	0.184735	0.951383	-0.231522
-10.828034	-0.430011	0.086017	0.082844	0.184441	0.951368	-0.232415
-10.827834	-0.430511	0.086117	0.081188	0.184145	0.951349	-0.233310
-10.827634	-0.431012	0.086217	0.079534	0.183846	0.951326	-0.234207
-10.827434	-0.431512	0.086317	0.077880	0.183545	0.951300	-0.235105
-10.827234	-0.432012	0.086417	0.076227	0.183241	0.951269	-0.236005
-10.827034	-0.432512	0.086517	0.074574	0.182935	0.951235	-0.236907
-10.826834	-0.433012	0.086617	0.072922	0.182627	0.951197	-0.237810
-10.826634	-0.433512	0.086717	0.071271	0.182315	0.951156	-0.238715
-10.826434	-0.434012	0.086817	0.069620	0.182002	0.951110	-0.239621
-10.826234	-0.434512	0.086918	0.067970	0.181686	0.951061	-0.240529
-10.826034	-0.435012	0.087018	0.066320	0.181367	0.951007	-0.241439
-10.825834	-0.435512	0.087118	0.064671	0.181046	0.950950	-0.242350
-10.825634	-0.436012	0.087218	0.063023	0.180722	0.950890	-0.243263
-10.825434	-0.436512	0.087318	0.061376	0.180396	0.950825	-0.244177
-10.825234	-0.437012	0.087418	0.059729	0.180067	0.950756	-0.245093
-10.825034	-0.437512	0.087518	0.058083	0.179736	0.950684	-0.246011
-10.824834	-0.438012	0.087618	0.056437	0.179402	0.950608	-0.246930
-10.824634	-0.438512	0.087718	0.054793	0.179066	0.950528	-0.247851
-10.824434	-0.439012	0.087818	0.053149	0.178727	0.950444	-0.248773
-10.824234	-0.439512	0.087918	0.051506	0.178385	0.950356	-0.249697
-10.824034	-0.440012	0.088018	0.049863	0.178041	0.950265	-0.250622
-10.823834	-0.440512	0.088118	0.048222	0.177695	0.950170	-0.251549
-10.823634	-0.441012	0.088218	0.046581	0.177345	0.950070	-0.252478
-10.823434	-0.441512	0.088318	0.044941	0.176994	0.949967	-0.253408
-10.823234	-0.442012	0.088418	0.043302	0.176639	0.949861	-0.254339
-10.823034	-0.442513	0.088518	0.041664	0.176282	0.949750	-0.255273
-10.822834	-0.443013	0.088618	0.040026	0.175922	0.949635	-0.256207
-10.822634	-0.443513	0.088718	0.038390	0.175560	0.949517	-0.257143
-10.822434	-0.444013	0.088818	0.036754	0.175195	0.949394	-0.258081
-10.822234	-0.444513	0.088918	0.035119	0.174828	0.949268	-0.259021
-10.822034	-0.445013	0.089018	0.033485	0.174458	0.949138	-0.259961
-10.821834	-0.445513	0.089118	0.031852	0.174085	0.949004	-0.260904
-10.821634	-0.446013	0.089218	0.030220	0.173709	0.948867	-0.261847
-10.821434	-0.446513	0.089318	0.028588	0.173331	0.948725	-0.262793
-10.821234	-0.447013	0.089418	0.026958	0.172950	0.948579	-0.263739
-10.821034	-0.447513	0.089518	0.025329	0.172567	0.948430	-0.264688
-10.820834	-0.448013	0.089618	0.023700	0.172181	0.948277	-0.265637
-10.820634	-0.448513	0.089718	0.022073	0.171792	0.948120	-0.266589
-10.820434	-0.449013	0.089818	0.020446	0.171400	0.947959	-0.267541
-10.820234	-0.449513	0.089918	0.018821	0.171006	0.947794	-0.268495
-10.820034	-0.450013	0.090018	0.017196	0.170609	0.947625	-0.269451
-10.819835	-0.450513	0.090118	0.015573	0.170209	0.947452	-0.270408
-10.819635	-0.451013	0.090218	0.013950	0.169807	0.947276	-0.271367
-10.819435	-0.451513	0.090318	0.012329	0.169402	0.947095	-0.272326
-10.819235	-0.452013	0.090418	0.010709	0.168994	0.946911	-0.273288
-10.819035	-0.452513	0.090518	0.009089	0.168584	0.946723	-0.274251
-10.818835	-0.453013	0.090618	0.007471	0.168170	0.946530	-0.275215
-10.818635	-0.453513	0.090718	0.005854	0.167754	0.946334	-0.276180
-10.818435	-0.454013	0.090818	0.004238	0.167335	0.946134	-0.277147
-10.818235	-0.454514	0.090918	0.002623	0.166914	0.945931	-0.278116
-10.818035	-0.455014	0.091018	0.001009	0.166489	0.945723	-0.279086
-10.817835	-0.455514	0.091118	-0.000603	0.166062	0.945511	-0.280057
-10.817635	-0.456014	0.091218	-0.002215	0.165632	0.945295	-0.281029
-10.817435	-0.456514	0.091318	-0.003825	0.165199	0.945076	-0.282003
-10.817235	-0.457014	0.091418	-0.005434	0.164764	0.944853	-0.282979
-10.817035	-0.457514	0.091518	-0.007042	0.164325	0.944625	-0.283955
-10.816835	-0.458014	0.091618	-0.008649	0.163884	0.944394	-0.284933
-10.816635	-0.458514	0.091719	-0.010254	0.163440	0.944159	-0.285913
-10.816435	-0.459014	0.091819	-0.011859	0.162993	0.943920	-0.286894
-10.816235	-0.459514	0.091919	-0.013462	0.162544	0.943677	-0.287876
-10.816035	-0.460014	0.092019	-0.015063	0.162091	0.943430	-0.288859
-10.815835	-0.460514	0.092119	-0.016664	0.161636	0.943179	-0.289844
-10.815635	-0.461014	0.092219	-0.018263	0.161178	0.942924	-0.290830
-10.815435	-0.461514	0.092319	-0.019861	0.160717	0.942666	-0.291817
-10.815235	-0.462014	0.092419	-0.021458	0.160253	0.942403	-0.292806
-10.815035	-0.462514	0.092519	-0.023053	0.159786	0.942136	-0.293796
-10.814835	-0.463014	0.092619	-0.024647	0.159316	0.941866	-0.294787
-10.814635	-0.463514	0.092719	-0.026240	0.158844	0.941592	-0.295779
-10.814435	-0.464014	0.092819	-0.027831	0.158368	0.941313	-0.296773
-10.814235	-0.464514	0.092919	-0.029421	0.157890	0.941031	-0.297768
-10.814035	-0.465014	0.093019	-0.031010	0.157409	0.940745	-0.298764
-10.813835	-0.465514	0.093119	-0.032597	0.156925	0.940455	-0.299762
-10.813635	-0.466015	0.093219	-0.034183	0.156438	0.940161	-0.300761
-10.813435	-0.466515	0.093319	-0.035767	0.155948	0.939863	-0.301761
-10.813235	-0.467015	0.093419	-0.037350	0.155455	0.939561	-0.302762
-10.813035	-0.467515	0.093519	-0.038932	0.154959	0.939255	-0.303764
-10.812835	-0.468015	0.093619	-0.040512	0.154460	0.938945	-0.304768
-10.812635	-0.468515	0.093719	-0.042091	0.153958	0.938631	-0.305773
-10.812435	-0.469015	0.093819	-0.043668	0.153454	0.938313	-0.306779
-10.812235	-0.469515	0.093919	-0.045243	0.152946	0.937992	-0.307786
-10.812035	-0.470015	0.094019	-0.046817	0.152435	0.937666	-0.308794
-10.811835	-0.470515	0.094119	-0.048390	0.151922	0.937337	-0.309804
-10.811635	-0.471015	0.094219	-0.049961	0.151405	0.937003	-0.310814
-10.811435	-0.471515	0.094319	-0.051531	0.150886	0.936666	-0.311826
-10.811235	-0.472015	0.094419	-0.053099	0.150363	0.936324	-0.312839
-10.811035	-0.472515	0.094519	-0.054665	0.149838	0.935979	-0.313853
-10.810835	-0.473015	0.094619	-0.056230	0.149309	0.935630	-0.314869
-10.810635	-0.473515	0.094719	-0.057793	0.148778	0.935276	-0.315885
-10.810435	-0.474015	0.094819	-0.059355	0.148243	0.934919	-0.316903
-10.810235	-0.474515	0.094919	-0.060915	0.147706	0.934558	-0.317921
-10.810035	-0.475015	0.095019	-0.062473	0.147165	0.934193	-0.318941
-10.809835	-0.475515	0.095119	-0.064030	0.146622	0.933824	-0.319962
-10.809635	-0.476015	0.095219	-0.065585	0.146075	0.933451	-0.320983
-10.809435	-0.476515	0.095319	-0.067138	0.145526	0.933074	-0.322006
-10.809235	-0.477015	0.095419	-0.068690	0.144973	0.932693	-0.323030
-10.809035	-0.477515	0.095519	-0.070240	0.144417	0.932308	-0.324055
-10.808835	-0.478016	0.095619	-0.071788	0.143858	0.931919	-0.325081
-10.808635	-0.478516	0.095719	-0.073335	0.143297	0.931526	-0.326108
-10.808435	-0.479016	0.095819	-0.074879	0.142732	0.931130	-0.327136
-10.808235	-0.479516	0.095919	-0.076422	0.142164	0.930729	-0.328165
-10.808035	-0.480016	0.096019	-0.077964	0.141593	0.930324	-0.329195
-10.807835	-0.480516	0.096119	-0.079503	0.141018	0.929916	-0.330226
-10.807635	-0.481016	0.096219	-0.081041	0.140441	0.929503	-0.331259
-10.807435	-0.481516	0.096319	-0.082577	0.139861	0.929087	-0.332292
-10.807235	-0.482016	0.096419	-0.084111	0.139278	0.928666	-0.333326
-10.807035	-0.482516	0.096520	-0.085643	0.138691	0.928242	-0.334360
-10.806835	-0.483016	0.096620	-0.087173	0.138101	0.927814	-0.335396
-10.806635	-0.483516	0.096720	-0.088702	0.137509	0.927381	-0.336433
-10.806435	-0.484016	0.096820	-0.090228	0.136913	0.926945	-0.337471
-10.806235	-0.484516	0.096920	-0.091753	0.136314	0.926505	-0.338509
-10.806035	-0.485016	0.097020	-0.093276	0.135712	0.926061	-0.339549
-10.805835	-0.485516	0.097120	-0.094797	0.135106	0.925613	-0.340589
-10.805635	-0.486016	0.097220	-0.096316	0.134498	0.925161	-0.341631
-10.805435	-0.486516	0.097320	-0.097833	0.133887	0.924705	-0.342673
-10.805235	-0.487016	0.097420	-0.099348	0.133272	0.924245	-0.343716
-10.805035	-0.487516	0.097520	-0.100861	0.132654	0.923781	-0.344760
-10.804835	-0.488016	0.097620	-0.102372	0.132033	0.923313	-0.345804
-10.804635	-0.488516	0.097720	-0.103881	0.131409	0.922841	-0.346850
-10.804435	-0.489016	0.097820	-0.105388	0.130781	0.922365	-0.347896
-10.804235	-0.489517	0.097920	-0.106894	0.130151	0.921886	-0.348944
-10.804035	-0.490017	0.098020	-0.108397	0.129517	0.921402	-0.349992
-10.803835	-0.490517	0.098120	-0.109898	0.128880	0.920914	-0.351040
-10.803635	-0.491017	0.098220	-0.111397	0.128240	0.920423	-0.352090
-10.803435	-0.491517	0.098320	-0.112893	0.127597	0.919927	-0.353140
-10.803235	-0.492017	0.098420	-0.114388	0.126951	0.919428	-0.354191
-10.803035	-0.492517	0.098520	-0.115881	0.126301	0.918924	-0.355243
-10.802835	-0.493017	0.098620	-0.117371	0.125648	0.918417	-0.356295
-10.802635	-0.493517	0.098720	-0.118860	0.124992	0.917906	-0.357349
-10.802435	-0.494017	0.098820	-0.120346	0.124333	0.917391	-0.358403
-10.802235	-0.494517	0.098920	-0.121830	0.123670	0.916872	-0.359457
-10.802035	-0.495017	0.099020	-0.123312	0.123004	0.916349	-0.360513
-10.801835	-0.495517	0.099120	-0.124792	0.122335	0.915822	-0.361569
-10.801635	-0.496017	0.099220	-0.126269	0.121663	0.915291	-0.362625
-10.801435	-0.496517	0.099320	-0.127745	0.120988	0.914756	-0.363683
-10.801235	-0.497017	0.099420	-0.129218	0.120309	0.914217	-0.364741
-10.801035	-0.497517	0.099520	-0.130689	0.119627	0.913674	-0.365799
-10.800835	-0.498017	0.099620	-0.132157	0.118942	0.913128	-0.366859
-10.800635	-0.498517	0.099720	-0.133623	0.118254	0.912577	-0.367918
-10.800435	-0.499017	0.099820	-0.135087	0.117562	0.912023	-0.368979
-10.800235	-0.499517	0.099920	-0.136549	0.116867	0.911464	-0.370040
-10.800035	-0.500017	0.100020	-0.138009	0.116169	0.910902	-0.371101
-10.799835	-0.500517	0.100120	-0.139466	0.115467	0.910336	-0.372164
