cx	cy	cz	q_scalar	q_x	q_y	q_z
-11.000027	0.000025	-0.000001	0.707107	0.000000	0.000000	-0.707107
-10.999627	-0.000975	0.000199	0.707223	0.001532	0.000825	-0.706988
-10.999427	-0.001475	0.000299	0.707337	0.003064	0.001651	-0.706868
-10.999227	-0.001975	0.000399	0.707448	0.004595	0.002477	-0.706746
-10.999027	-0.002475	0.000500	0.707556	0.006126	0.003304	-0.706623
-10.998827	-0.002975	0.000600	0.707661	0.007656	0.004132	-0.706498
-10.998627	-0.003475	0.000700	0.707764	0.009187	0.004959	-0.706372
-10.998427	-0.003975	0.000800	0.707863	0.010717	0.005788	-0.706244
-10.998227	-0.004475	0.000900	0.707960	0.012246	0.006617	-0.706115
-10.998027	-0.004975	0.001000	0.708054	0.013776	0.007446	-0.705984
-10.997827	-0.005475	0.001100	0.708146	0.015305	0.008276	-0.705852
-10.997627	-0.005975	0.001200	0.708234	0.016833	0.009107	-0.705718
-10.997427	-0.006475	0.001300	0.708320	0.018362	0.009938	-0.705582
-10.997228	-0.006975	0.001400	0.708403	0.019890	0.010769	-0.705445
-10.997028	-0.007475	0.001500	0.708484	0.021417	0.011601	-0.705307
-10.996828	-0.007975	0.001600	0.708561	0.022944	0.012433	-0.705167
-10.996628	-0.008475	0.001700	0.708636	0.024471	0.013266	-0.705025
-10.996428	-0.008976	0.001800	0.708708	0.025998	0.014100	-0.704882
-10.996228	-0.009476	0.001900	0.708777	0.027524	0.014934	-0.704737
-10.996028	-0.009976	0.002000	0.708844	0.029050	0.015768	-0.704591
-10.995828	-0.010476	0.002100	0.708907	0.030575	0.016603	-0.704443
-10.995628	-0.010976	0.002200	0.708968	0.032100	0.017438	-0.704294
-10.995428	-0.011476	0.002300	0.709026	0.033624	0.018274	-0.704143
-10.995228	-0.011976	0.002400	0.709082	0.035149	0.019110	-0.703991
-10.995028	-0.012476	0.002500	0.709134	0.036672	0.019947	-0.703837
-10.994828	-0.012976	0.002600	0.709184	0.038196	0.020784	-0.703681
-10.994628	-0.013476	0.002700	0.709231	0.039719	0.021621	-0.703524
-10.994428	-0.013976	0.002800	0.709275	0.041241	0.022459	-0.703366
-10.994228	-0.014476	0.002900	0.709317	0.042764	0.023298	-0.703205
-10.994028	-0.014976	0.003000	0.709356	0.044285	0.024136	-0.703044
-10.993828	-0.015476	0.003100	0.709392	0.045807	0.024976	-0.702881
-10.993628	-0.015976	0.003200	0.709425	0.047328	0.025815	-0.702716
-10.993428	-0.016476	0.003300	0.709456	0.048848	0.026655	-0.702549
-10.993228	-0.016976	0.003400	0.709484	0.050368	0.027496	-0.702382
-10.993028	-0.017476	0.003500	0.709509	0.051888	0.028337	-0.702212
-10.992828	-0.017976	0.003600	0.709531	0.053407	0.029178	-0.702041
-10.992628	-0.018476	0.003700	0.709551	0.054926	0.030020	-0.701869
-10.992428	-0.018976	0.003800	0.709568	0.056444	0.030862	-0.701695
-10.992228	-0.019476	0.003900	0.709582	0.057962	0.031704	-0.701519
-10.992028	-0.019976	0.004000	0.709593	0.059479	0.032547	-0.701342
-10.991828	-0.020477	0.004100	0.709602	0.060996	0.033390	-0.701163
-10.991628	-0.020977	0.004200	0.709608	0.062512	0.034234	-0.700983
-10.991428	-0.021477	0.004300	0.709611	0.064028	0.035078	-0.700801
-10.991228	-0.021977	0.004400	0.709611	0.065544	0.035922	-0.700618
-10.991028	-0.022477	0.004500	0.709609	0.067059	0.036767	-0.700433
-10.990828	-0.022977	0.004600	0.709604	0.068573	0.037612	-0.700247
-10.990628	-0.023477	0.004700	0.709596	0.070088	0.038458	-0.700059
-10.990428	-0.023977	0.004800	0.709586	0.071601	0.039303	-0.699869
-10.990228	-0.024477	0.004900	0.709572	0.073114	0.040149	-0.699678
-10.990028	-0.024977	0.005000	0.709556	0.074627	0.040996	-0.699485
-10.989828	-0.025477	0.005100	0.709538	0.076139	0.041843	-0.699291
-10.989628	-0.025977	0.005200	0.709516	0.077651	0.042690	-0.699096
-10.989428	-0.026477	0.005301	0.709492	0.079162	0.043537	-0.698898
-10.989228	-0.026977	0.005401	0.709465	0.080672	0.044385	-0.698700
-10.989028	-0.027477	0.005501	0.709436	0.082182	0.045233	-0.698499
-10.988828	-0.027977	0.005601	0.709403	0.083692	0.046082	-0.698297
-10.988628	-0.028477	0.005701	0.709368	0.085201	0.046931	-0.698094
-10.988428	-0.028977	0.005801	0.709331	0.086710	0.047780	-0.697889
-10.988228	-0.029477	0.005901	0.709290	0.088218	0.048629	-0.697682
-10.988028	-0.029977	0.006001	0.709247	0.089725	0.049479	-0.697474
-10.987828	-0.030477	0.006101	0.709201	0.091232	0.050329	-0.697264
-10.987628	-0.030977	0.006201	0.709153	0.092738	0.051179	-0.697053
-10.987428	-0.031477	0.006301	0.709101	0.094244	0.052030	-0.696840
-10.987228	-0.031977	0.006401	0.709047	0.095750	0.052880	-0.696626
-10.987028	-0.032478	0.006501	0.708991	0.097254	0.053731	-0.696410
-10.986828	-0.032978	0.006601	0.708931	0.098759	0.054583	-0.696192
-10.986628	-0.033478	0.006701	0.708869	0.100262	0.055435	-0.695973
-10.986428	-0.033978	0.006801	0.708804	0.101765	0.056286	-0.695753
-10.986228	-0.034478	0.006901	0.708737	0.103268	0.057139	-0.695531
-10.986028	-0.034978	0.007001	0.708667	0.104770	0.057991	-0.695307
-10.985828	-0.035478	0.007101	0.708594	0.106271	0.058844	-0.695082
-10.985628	-0.035978	0.007201	0.708518	0.107772	0.059697	-0.694855
-10.985428	-0.036478	0.007301	0.708440	0.109272	0.060550	-0.694627
-10.985228	-0.036978	0.007401	0.708359	0.110772	0.061403	-0.694397
-10.985028	-0.037478	0.007501	0.708275	0.112271	0.062257	-0.694166
-10.984828	-0.037978	0.007601	0.708189	0.113769	0.063111	-0.693933
-10.984628	-0.038478	0.007701	0.708099	0.115267	0.063965	-0.693698
-10.984428	-0.038978	0.007801	0.708008	0.116765	0.064820	-0.693462
-10.984228	-0.039478	0.007901	0.707913	0.118261	0.065674	-0.693224
-10.984028	-0.039978	0.008001	0.707816	0.119757	0.066529	-0.692985
-10.983828	-0.040478	0.008101	0.707716	0.121253	0.067384	-0.692745
-10.983628	-0.040978	0.008201	0.707614	0.122748	0.068239	-0.692502
-10.983428	-0.041478	0.008301	0.707508	0.124242	0.069095	-0.692258
-10.983228	-0.041978	0.008401	0.707400	0.125736	0.069950	-0.692013
-10.983028	-0.042478	0.008501	0.707290	0.127229	0.070806	-0.691766
-10.982828	-0.042978	0.008601	0.707177	0.128721	0.071662	-0.691518
-10.982628	-0.043478	0.008701	0.707061	0.130213	0.072518	-0.691268
-10.982428	-0.043979	0.008801	0.706942	0.131704	0.073375	-0.691016
-10.982228	-0.044479	0.008901	0.706821	0.133194	0.074231	-0.690763
-10.982028	-0.044979	0.009001	0.706697	0.134684	0.075088	-0.690508
-10.981828	-0.045479	0.009101	0.706570	0.136173	0.075945	-0.690252
-10.981628	-0.045979	0.009201	0.706441	0.137662	0.076802	-0.689994
-10.981428	-0.046479	0.009301	0.706309	0.139150	0.077659	-0.689735
-10.981228	-0.046979	0.009401	0.706174	0.140637	0.078517	-0.689474
-10.981028	-0.047479	0.009501	0.706037	0.142124	0.079374	-0.689212
-10.980828	-0.047979	0.009601	0.705896	0.143610	0.080232	-0.688948
-10.980628	-0.048479	0.009701	0.705754	0.145095	0.081090	-0.688682
-10.980428	-0.048979	0.009801	0.705608	0.146579	0.081948	-0.688415
-10.980228	-0.049479	0.009901	0.705460	0.148063	0.082806	-0.688147
-10.980028	-0.049979	0.010001	0.705310	0.149547	0.083664	-0.687877
-10.979828	-0.050479	0.010102	0.705156	0.151029	0.084523	-0.687605
-10.979628	-0.050979	0.010202	0.705000	0.152511	0.085381	-0.687332
-10.979428	-0.051479	0.010302	0.704842	0.153992	0.086240	-0.687057
-10.979228	-0.051979	0.010402	0.704680	0.155473	0.087098	-0.686781
-10.979028	-0.052479	0.010502	0.704516	0.156952	0.087957	-0.686503
-10.978828	-0.052979	0.010602	0.704349	0.158432	0.088816	-0.686224
-10.978628	-0.053479	0.010702	0.704180	0.159910	0.089675	-0.685943
-10.978428	-0.053979	0.010802	0.704008	0.161388	0.090535	-0.685660
-10.978228	-0.054479	0.010902	0.703833	0.162865	0.091394	-0.685376
-10.978028	-0.054979	0.011002	0.703656	0.164341	0.092253	-0.685091
-10.977828	-0.055480	0.011102	0.703476	0.165816	0.093113	-0.684804
-10.977628	-0.055980	0.011202	0.703294	0.167291	0.093972	-0.684515
-10.977428	-0.056480	0.011302	0.703108	0.168765	0.094832	-0.684225
-10.977228	-0.056980	0.011402	0.702920	0.170239	0.095692	-0.683933
-10.977028	-0.057480	0.011502	0.702730	0.171711	0.096551	-0.683640
-10.976828	-0.057980	0.011602	0.702537	0.173183	0.097411	-0.683345
-10.976628	-0.058480	0.011702	0.702341	0.174655	0.098271	-0.683049
-10.976428	-0.058980	0.011802	0.702142	0.176125	0.099131	-0.682751
-10.976228	-0.059480	0.011902	0.701941	0.177595	0.099991	-0.682452
-10.976028	-0.059980	0.012002	0.701737	0.179064	0.100851	-0.682151
-10.975828	-0.060480	0.012102	0.701531	0.180532	0.101711	-0.681849
-10.975628	-0.060980	0.012202	0.701322	0.181999	0.102571	-0.681545
-10.975428	-0.061480	0.012302	0.701110	0.183466	0.103431	-0.681239
-10.975228	-0.061980	0.012402	0.700896	0.184932	0.104292	-0.680932
-10.975028	-0.062480	0.012502	0.700679	0.186397	0.105152	-0.680624
-10.974828	-0.062980	0.012602	0.700459	0.187861	0.106012	-0.680314
-10.974628	-0.063480	0.012702	0.700237	0.189325	0.106872	-0.680002
-10.974428	-0.063980	0.012802	0.700012	0.190788	0.107733	-0.679689
-10.974228	-0.064480	0.012902	0.699784	0.192250	0.108593	-0.679374
-10.974028	-0.064980	0.013002	0.699554	0.193711	0.109453	-0.679058
-10.973828	-0.065480	0.013102	0.699321	0.195172	0.110314	-0.678740
-10.973628	-0.065980	0.013202	0.699086	0.196632	0.111174	-0.678421
-10.973428	-0.066480	0.013302	0.698848	0.198090	0.112034	-0.678100
-10.973228	-0.066980	0.013402	0.698607	0.199549	0.112895	-0.677778
-10.973028	-0.067481	0.013502	0.698364	0.201006	0.113755	-0.677454
-10.972828	-0.067981	0.013602	0.698118	0.202462	0.114615	-0.677129
-10.972628	-0.068481	0.013702	0.697869	0.203918	0.115476	-0.676802
-10.972428	-0.068981	0.013802	0.697618	0.205373	0.116336	-0.676474
-10.972228	-0.069481	0.013902	0.697364	0.206827	0.117196	-0.676144
-10.972029	-0.069981	0.014002	0.697108	0.208280	0.118056	-0.675812
-10.971829	-0.070481	0.014102	0.696849	0.209733	0.118916	-0.675480
-10.971629	-0.070981	0.014202	0.696587	0.211184	0.119777	-0.675145
-10.971429	-0.071481	0.014302	0.696323	0.212635	0.120637	-0.674809
-10.971229	-0.071981	0.014402	0.696056	0.214085	0.121497	-0.674472
-10.971029	-0.072481	0.014502	0.695786	0.215534	0.122357	-0.674133
-10.970829	-0.072981	0.014602	0.695514	0.216983	0.123217	-0.673792
-10.970629	-0.073481	0.014702	0.695239	0.218430	0.124076	-0.673450
-10.970429	-0.073981	0.014802	0.694962	0.219877	0.124936	-0.673107
-10.970229	-0.074481	0.014903	0.694682	0.221322	0.125796	-0.672762
-10.970029	-0.074981	0.015003	0.694399	0.222767	0.126656	-0.672416
-10.969829	-0.075481	0.015103	0.694114	0.224211	0.127515	-0.672068
-10.969629	-0.075981	0.015203	0.693826	0.225654	0.128375	-0.671718
-10.969429	-0.076481	0.015303	0.693536	0.227097	0.129234	-0.671367
-10.969229	-0.076981	0.015403	0.693243	0.228538	0.130093	-0.671014
-10.969029	-0.077481	0.015503	0.692947	0.229979	0.130953	-0.670660
-10.968829	-0.077981	0.015603	0.692649	0.231419	0.131812	-0.670305
-10.968629	-0.078481	0.015703	0.692348	0.232857	0.132671	-0.669948
-10.968429	-0.078982	0.015803	0.692044	0.234295	0.133530	-0.669589
-10.968229	-0.079482	0.015903	0.691738	0.235732	0.134388	-0.669229
-10.968029	-0.079982	0.016003	0.691430	0.237169	0.135247	-0.668868
-10.967829	-0.080482	0.016103	0.691118	0.238604	0.136106	-0.668505
-10.967629	-0.080982	0.016203	0.690805	0.240038	0.136964	-0.668140
-10.967429	-0.081482	0.016303	0.690488	0.241472	0.137823	-0.667774
-10.967229	-0.081982	0.016403	0.690169	0.242904	0.138681	-0.667407
-10.967029	-0.082482	0.016503	0.689847	0.244336	0.139539	-0.667038
-10.966829	-0.082982	0.016603	0.689523	0.245767	0.140397	-0.666667
-10.966629	-0.083482	0.016703	0.689196	0.247197	0.141255	-0.666295
-10.966429	-0.083982	0.016803	0.688867	0.248626	0.142112	-0.665922
-10.966229	-0.084482	0.016903	0.688534	0.250054	0.142970	-0.665547
-10.966029	-0.084982	0.017003	0.688200	0.251481	0.143827	-0.665171
-10.965829	-0.085482	0.017103	0.687863	0.252907	0.144684	-0.664793
-10.965629	-0.085982	0.017203	0.687523	0.254332	0.145542	-0.664413
-10.965429	-0.086482	0.017303	0.687180	0.255757	0.146398	-0.664033
-10.965229	-0.086982	0.017403	0.686835	0.257180	0.147255	-0.663650
-10.965029	-0.087482	0.017503	0.686488	0.258603	0.148112	-0.663266
-10.964829	-0.087982	0.017603	0.686137	0.260024	0.148968	-0.662881
-10.964629	-0.088482	0.017703	0.685785	0.261445	0.149824	-0.662494
-10.964429	-0.088982	0.017803	0.685429	0.262864	0.150680	-0.662106
-10.964229	-0.089482	0.017903	0.685071	0.264283	0.151536	-0.661716
-10.964029	-0.089982	0.018003	0.684711	0.265701	0.152392	-0.661325
-10.963829	-0.090482	0.018103	0.684348	0.267118	0.153247	-0.660933
-10.963629	-0.090983	0.018203	0.683982	0.268533	0.154102	-0.660539
-10.963429	-0.091483	0.018303	0.683614	0.269948	0.154957	-0.660143
-10.963229	-0.091983	0.018403	0.683243	0.271362	0.155812	-0.659746
-10.963029	-0.092483	0.018503	0.682869	0.272775	0.156667	-0.659347
-10.962829	-0.092983	0.018603	0.682493	0.274187	0.157521	-0.658947
-10.962629	-0.093483	0.018703	0.682115	0.275598	0.158375	-0.658546
-10.962429	-0.093983	0.018803	0.681733	0.277008	0.159229	-0.658143
-10.962229	-0.094483	0.018903	0.681350	0.278417	0.160083	-0.657739
-10.962029	-0.094983	0.019003	0.680963	0.279825	0.160937	-0.657333
-10.961829	-0.095483	0.019103	0.680574	0.281232	0.161790	-0.656926
-10.961629	-0.095983	0.019203	0.680183	0.282638	0.162643	-0.656517
-10.961429	-0.096483	0.019303	0.679789	0.284043	0.163496	-0.656107
-10.961229	-0.096983	0.019403	0.679392	0.285447	0.164348	-0.655695
-10.961029	-0.097483	0.019503	0.678993	0.286850	0.165200	-0.655282
-10.960829	-0.097983	0.019603	0.678591	0.288252	0.166052	-0.654868
-10.960629	-0.098483	0.019704	0.678187	0.289653	0.166904	-0.654452
-10.960429	-0.098983	0.019804	0.677780	0.291053	0.167756	-0.654034
-10.960229	-0.099483	0.019904	0.677370	0.292452	0.168607	-0.653615
-10.960029	-0.099983	0.020004	0.676958	0.293850	0.169458	-0.653195
-10.959829	-0.100483	0.020104	0.676544	0.295246	0.170309	-0.652773
-10.959629	-0.100983	0.020204	0.676127	0.296642	0.171159	-0.652350
-10.959429	-0.101483	0.020304	0.675707	0.298037	0.172009	-0.651926
-10.959229	-0.101983	0.020404	0.675285	0.299431	0.172859	-0.651500
-10.959029	-0.102484	0.020504	0.674860	0.300824	0.173709	-0.651072
-10.958829	-0.102984	0.020604	0.674432	0.302215	0.174558	-0.650643
-10.958629	-0.103484	0.020704	0.674002	0.303606	0.175407	-0.650213
-10.958429	-0.103984	0.020804	0.673570	0.304996	0.176256	-0.649781
-10.958229	-0.104484	0.020904	0.673135	0.306384	0.177104	-0.649348
-10.958029	-0.104984	0.021004	0.672697	0.307772	0.177952	-0.648913
-10.957829	-0.105484	0.021104	0.672257	0.309158	0.178800	-0.648477
-10.957629	-0.105984	0.021204	0.671814	0.310543	0.179647	-0.648040
-10.957429	-0.106484	0.021304	0.671369	0.311928	0.180494	-0.647601
-10.957229	-0.106984	0.021404	0.670921	0.313311	0.181341	-0.647161
-10.957029	-0.107484	0.021504	0.670470	0.314693	0.182187	-0.646719
-10.956829	-0.107984	0.021604	0.670017	0.316074	0.183034	-0.646276
-10.956629	-0.108484	0.021704	0.669562	0.317454	0.183879	-0.645831
-10.956429	-0.108984	0.021804	0.669104	0.318833	0.184725	-0.645385
-10.956229	-0.109484	0.021904	0.668643	0.320211	0.185570	-0.644938
-10.956029	-0.109984	0.022004	0.668180	0.321587	0.186415	-0.644489
-10.955829	-0.110484	0.022104	0.667714	0.322963	0.187259	-0.644039
-10.955629	-0.110984	0.022204	0.667246	0.324338	0.188103	-0.643588
-10.955429	-0.111484	0.022304	0.666775	0.325711	0.188947	-0.643135
-10.955229	-0.111984	0.022404	0.666302	0.327083	0.189790	-0.642680
-10.955029	-0.112484	0.022504	0.665826	0.328455	0.190633	-0.642225
-10.954829	-0.112984	0.022604	0.665347	0.329825	0.191476	-0.641767
-10.954629	-0.113484	0.022704	0.664866	0.331194	0.192318	-0.641309
-10.954429	-0.113984	0.022804	0.664383	0.332562	0.193160	-0.640849
-10.954229	-0.114485	0.022904	0.663897	0.333928	0.194002	-0.640388
-10.954029	-0.114985	0.023004	0.663408	0.335294	0.194843	-0.639925
-10.953829	-0.115485	0.023104	0.662917	0.336658	0.195683	-0.639461
-10.953629	-0.115985	0.023204	0.662423	0.338022	0.196524	-0.638995
-10.953429	-0.116485	0.023304	0.661927	0.339384	0.197364	-0.638529
-10.953229	-0.116985	0.023404	0.661428	0.340745	0.198203	-0.638060
-10.953029	-0.117485	0.023504	0.660927	0.342105	0.199042	-0.637591
-10.952829	-0.117985	0.023604	0.660423	0.343464	0.199881	-0.637120
-10.952629	-0.118485	0.023704	0.659917	0.344821	0.200719	-0.636648
-10.952429	-0.118985	0.023804	0.659408	0.346178	0.201557	-0.636174
-10.952229	-0.119485	0.023904	0.658896	0.347533	0.202395	-0.635699
-10.952029	-0.119985	0.024004	0.658382	0.348887	0.203232	-0.635222
-10.951829	-0.120485	0.024104	0.657866	0.350240	0.204068	-0.634744
-10.951629	-0.120985	0.024204	0.657347	0.351592	0.204905	-0.634265
-10.951429	-0.121485	0.024304	0.656825	0.352943	0.205740	-0.633785
-10.951229	-0.121985	0.024404	0.656301	0.354292	0.206576	-0.633303
-10.951029	-0.122485	0.024505	0.655774	0.355641	0.207411	-0.632820
-10.950829	-0.122985	0.024605	0.655245	0.356988	0.208245	-0.632335
-10.950629	-0.123485	0.024705	0.654713	0.358334	0.209079	-0.631849
-10.950429	-0.123985	0.024805	0.654179	0.359679	0.209913	-0.631362
-10.950229	-0.124485	0.024905	0.653642	0.361022	0.210746	-0.630873
-10.950029	-0.124985	0.025005	0.653103	0.362365	0.211579	-0.630383
-10.949829	-0.125485	0.025105	0.652561	0.363706	0.212411	-0.629892
-10.949629	-0.125986	0.025205	0.652017	0.365046	0.213243	-0.629399
-10.949429	-0.126486	0.025305	0.651470	0.366385	0.214074	-0.628905
-10.949229	-0.126986	0.025405	0.650921	0.367722	0.214905	-0.628409
-10.949029	-0.127486	0.025505	0.650369	0.369059	0.215735	-0.627913
-10.948829	-0.127986	0.025605	0.649814	0.370394	0.216565	-0.627415
-10.948629	-0.128486	0.025705	0.649258	0.371728	0.217394	-0.626915
-10.948429	-0.128986	0.025805	0.648698	0.373060	0.218223	-0.626415
-10.948229	-0.129486	0.025905	0.648136	0.374392	0.219052	-0.625913
-10.948029	-0.129986	0.026005	0.647572	0.375722	0.219879	-0.625409
-10.947829	-0.130486	0.026105	0.647005	0.377051	0.220707	-0.624905
-10.947629	-0.130986	0.026205	0.646435	0.378379	0.221534	-0.624399
-10.947429	-0.131486	0.026305	0.645863	0.379706	0.222360	-0.623891
-10.947229	-0.131986	0.026405	0.645289	0.381031	0.223186	-0.623383
-10.947029	-0.132486	0.026505	0.644711	0.382355	0.224011	-0.622873
-10.946829	-0.132986	0.026605	0.644132	0.383678	0.224836	-0.622362
-10.946630	-0.133486	0.026705	0.643550	0.384999	0.225661	-0.621849
-10.946430	-0.133986	0.026805	0.642965	0.386320	0.226484	-0.621335
-10.946230	-0.134486	0.026905	0.642378	0.387639	0.227308	-0.620820
-10.946030	-0.134986	0.027005	0.641789	0.388956	0.228131	-0.620304
-10.945830	-0.135486	0.027105	0.641196	0.390273	0.228953	-0.619786
-10.945630	-0.135986	0.027205	0.640602	0.391588	0.229775	-0.619267
-10.945430	-0.136486	0.027305	0.640005	0.392902	0.230596	-0.618747
-10.945230	-0.136986	0.027405	0.639405	0.394215	0.231416	-0.618225
-10.945030	-0.137486	0.027505	0.638803	0.395526	0.232236	-0.617702
-10.944830	-0.137987	0.027605	0.638198	0.396837	0.233056	-0.617178
-10.944630	-0.138487	0.027705	0.637591	0.398145	0.233875	-0.616653
-10.944430	-0.138987	0.027805	0.636981	0.399453	0.234693	-0.616126
-10.944230	-0.139487	0.027905	0.636369	0.400759	0.235511	-0.615598
-10.944030	-0.139987	0.028005	0.635755	0.402064	0.236329	-0.615068
-10.943830	-0.140487	0.028105	0.635137	0.403368	0.237145	-0.614538
-10.943630	-0.140987	0.028205	0.634518	0.404670	0.237962	-0.614006
-10.943430	-0.141487	0.028305	0.633896	0.405971	0.238777	-0.613473
-10.943230	-0.141987	0.028405	0.633271	0.407271	0.239592	-0.612939
-10.943030	-0.142487	0.028505	0.632644	0.408570	0.240407	-0.612403
-10.942830	-0.142987	0.028605	0.632014	0.409867	0.241221	-0.611866
-10.942630	-0.143487	0.028705	0.631382	0.411162	0.242034	-0.611328
-10.942430	-0.143987	0.028805	0.630747	0.412457	0.242847	-0.610789
-10.942230	-0.144487	0.028905	0.630110	0.413750	0.243659	-0.610248
-10.942030	-0.144987	0.029005	0.629470	0.415042	0.244470	-0.609706
-10.941830	-0.145487	0.029105	0.628828	0.416332	0.245281	-0.609163
-10.941630	-0.145987	0.029205	0.628184	0.417622	0.246091	-0.608619
-10.941430	-0.146487	0.029306	0.627536	0.418909	0.246901	-0.608073
-10.941230	-0.146987	0.029406	0.626887	0.420196	0.247710	-0.607526
-10.941030	-0.147487	0.029506	0.626235	0.421481	0.248519	-0.606978
-10.940830	-0.147987	0.029606	0.625580	0.422765	0.249326	-0.606429
-10.940630	-0.148487	0.029706	0.624923	0.424047	0.250134	-0.605878
-10.940430	-0.148987	0.029806	0.624264	0.425328	0.250940	-0.605326
-10.940230	-0.149488	0.029906	0.623601	0.426608	0.251746	-0.604773
-10.940030	-0.149988	0.030006	0.622937	0.427886	0.252552	-0.604219
-10.939830	-0.150488	0.030106	0.622270	0.429163	0.253356	-0.603664
-10.939630	-0.150988	0.030206	0.621600	0.430439	0.254160	-0.603107
-10.939430	-0.151488	0.030306	0.620928	0.431713	0.254964	-0.602549
-10.939230	-0.151988	0.030406	0.620254	0.432986	0.255767	-0.601990
-10.939030	-0.152488	0.030506	0.619577	0.434257	0.256569	-0.601430
-10.938830	-0.152988	0.030606	0.618897	0.435527	0.257370	-0.600868
-10.938630	-0.153488	0.030706	0.618215	0.436796	0.258171	-0.600306
-10.938430	-0.153988	0.030806	0.617531	0.438063	0.258971	-0.599742
-10.938230	-0.154488	0.030906	0.616844	0.439329	0.259771	-0.599177
-10.938030	-0.154988	0.031006	0.616155	0.440593	0.260570	-0.598610
-10.937830	-0.155488	0.031106	0.615463	0.441856	0.261368	-0.598043
-10.937630	-0.155988	0.031206	0.614768	0.443118	0.262165	-0.597474
-10.937430	-0.156488	0.031306	0.614072	0.444378	0.262962	-0.596904
-10.937230	-0.156988	0.031406	0.613372	0.445637	0.263759	-0.596333
-10.937030	-0.157488	0.031506	0.612671	0.446895	0.264554	-0.595761
-10.936830	-0.157988	0.031606	0.611966	0.448150	0.265349	-0.595188
-10.936630	-0.158488	0.031706	0.611260	0.449405	0.266143	-0.594613
-10.936430	-0.158988	0.031806	0.610550	0.450658	0.266937	-0.594037
-10.936230	-0.159488	0.031906	0.609839	0.451910	0.267729	-0.593461
-10.936030	-0.159988	0.032006	0.609125	0.453160	0.268521	-0.592882
-10.935830	-0.160488	0.032106	0.608408	0.454409	0.269313	-0.592303
-10.935630	-0.160988	0.032206	0.607689	0.455656	0.270103	-0.591723
-10.935430	-0.161489	0.032306	0.606967	0.456902	0.270893	-0.591141
-10.935230	-0.161989	0.032406	0.606243	0.458147	0.271682	-0.590559
-10.935030	-0.162489	0.032506	0.605517	0.459390	0.272471	-0.589975
-10.934830	-0.162989	0.032606	0.604788	0.460631	0.273259	-0.589390
-10.934630	-0.163489	0.032706	0.604056	0.461871	0.274046	-0.588804
-10.934430	-0.163989	0.032806	0.603322	0.463110	0.274832	-0.588216
-10.934230	-0.164489	0.032906	0.602586	0.464347	0.275618	-0.587628
-10.934030	-0.164989	0.033006	0.601847	0.465583	0.276403	-0.587039
-10.933830	-0.165489	0.033106	0.601106	0.466817	0.277187	-0.586448
-10.933630	-0.165989	0.033206	0.600362	0.468049	0.277971	-0.585856
-10.933430	-0.166489	0.033306	0.599616	0.469281	0.278753	-0.585263
-10.933230	-0.166989	0.033406	0.598867	0.470511	0.279535	-0.584669
-10.933030	-0.167489	0.033506	0.598116	0.471739	0.280317	-0.584074
-10.932830	-0.167989	0.033606	0.597362	0.472965	0.281097	-0.583478
-10.932630	-0.168489	0.033706	0.596606	0.474191	0.281877	-0.582880
-10.932430	-0.168989	0.033806	0.595848	0.475414	0.282656	-0.582282
-10.932230	-0.169489	0.033906	0.595087	0.476637	0.283434	-0.581682
-10.932030	-0.169989	0.034006	0.594323	0.477858	0.284212	-0.581082
-10.931830	-0.170489	0.034107	0.593557	0.479077	0.284988	-0.580480
-10.931630	-0.170989	0.034207	0.592789	0.480294	0.285764	-0.579877
-10.931430	-0.171489	0.034307	0.592018	0.481511	0.286540	-0.579273
-10.931230	-0.171989	0.034407	0.591245	0.482725	0.287314	-0.578668
-10.931030	-0.172489	0.034507	0.590469	0.483939	0.288088	-0.578062
-10.930830	-0.172990	0.034607	0.589691	0.485150	0.288860	-0.577454
-10.930630	-0.173490	0.034707	0.588910	0.486360	0.289633	-0.576846
-10.930430	-0.173990	0.034807	0.588127	0.487569	0.290404	-0.576237
-10.930230	-0.174490	0.034907	0.587342	0.488776	0.291174	-0.575626
-10.930030	-0.174990	0.035007	0.586554	0.489981	0.291944	-0.575015
-10.929830	-0.175490	0.035107	0.585763	0.491185	0.292713	-0.574402
-10.929630	-0.175990	0.035207	0.584970	0.492388	0.293481	-0.573788
-10.929430	-0.176490	0.035307	0.584175	0.493588	0.294249	-0.573174
-10.929230	-0.176990	0.035407	0.583377	0.494788	0.295015	-0.572558
-10.929030	-0.177490	0.035507	0.582577	0.495985	0.295781	-0.571941
-10.928830	-0.177990	0.035607	0.581774	0.497181	0.296546	-0.571323
-10.928630	-0.178490	0.035707	0.580969	0.498376	0.297310	-0.570704
-10.928430	-0.178990	0.035807	0.580161	0.499569	0.298074	-0.570084
-10.928230	-0.179490	0.035907	0.579351	0.500760	0.298836	-0.569463
-10.928030	-0.179990	0.036007	0.578539	0.501950	0.299598	-0.568841
-10.927830	-0.180490	0.036107	0.577724	0.503138	0.300359	-0.568218
-10.927630	-0.180990	0.036207	0.576906	0.504325	0.301119	-0.567594
-10.927430	-0.181490	0.036307	0.576087	0.505510	0.301878	-0.566969
-10.927230	-0.181990	0.036407	0.575264	0.506693	0.302636	-0.566343
-10.927030	-0.182490	0.036507	0.574440	0.507875	0.303394	-0.565715
-10.926830	-0.182990	0.036607	0.573613	0.509055	0.304151	-0.565087
-10.926630	-0.183490	0.036707	0.572783	0.510234	0.304907	-0.564458
-10.926430	-0.183990	0.036807	0.571951	0.511411	0.305662	-0.563828
-10.926230	-0.184491	0.036907	0.571116	0.512587	0.306416	-0.563197
-10.926030	-0.184991	0.037007	0.570279	0.513760	0.307169	-0.562564
-10.925830	-0.185491	0.037107	0.569440	0.514933	0.307922	-0.561931
-10.925630	-0.185991	0.037207	0.568598	0.516103	0.308673	-0.561297
-10.925430	-0.186491	0.037307	0.567754	0.517272	0.309424	-0.560662
-10.925230	-0.186991	0.037407	0.566907	0.518439	0.310174	-0.560026
-10.925030	-0.187491	0.037507	0.566058	0.519605	0.310923	-0.559388
-10.924830	-0.187991	0.037607	0.565207	0.520769	0.311672	-0.558750
-10.924630	-0.188491	0.037707	0.564353	0.521931	0.312419	-0.558111
-10.924430	-0.188991	0.037807	0.563497	0.523092	0.313166	-0.557471
-10.924230	-0.189491	0.037907	0.562638	0.524251	0.313911	-0.556830
-10.924030	-0.189991	0.038007	0.561777	0.525408	0.314656	-0.556188
-10.923830	-0.190491	0.038107	0.560913	0.526564	0.315400	-0.555545
-10.923630	-0.190991	0.038207	0.560047	0.527718	0.316143	-0.554901
-10.923430	-0.191491	0.038307	0.559178	0.528870	0.316885	-0.554256
-10.923230	-0.191991	0.038407	0.558307	0.530021	0.317626	-0.553610
-10.923030	-0.192491	0.038507	0.557434	0.531170	0.318367	-0.552963
-10.922830	-0.192991	0.038607	0.556558	0.532318	0.319106	-0.552315
-10.922630	-0.193491	0.038707	0.555680	0.533463	0.319845	-0.551667
-10.922430	-0.193991	0.038807	0.554799	0.534607	0.320582	-0.551017
-10.922230	-0.194491	0.038908	0.553916	0.535750	0.321319	-0.550366
-10.922030	-0.194991	0.039008	0.553031	0.536890	0.322055	-0.549715
-10.921830	-0.195491	0.039108	0.552143	0.538029	0.322790	-0.549062
-10.921630	-0.195991	0.039208	0.551253	0.539166	0.323524	-0.548409
-10.921430	-0.196492	0.039308	0.550360	0.540302	0.324257	-0.547755
-10.921231	-0.196992	0.039408	0.549465	0.541436	0.324990	-0.547099
-10.921031	-0.197492	0.039508	0.548567	0.542568	0.325721	-0.546443
-10.920831	-0.197992	0.039608	0.547667	0.543698	0.326451	-0.545786
-10.920631	-0.198492	0.039708	0.546764	0.544827	0.327181	-0.545129
-10.920431	-0.198992	0.039808	0.545860	0.545954	0.327909	-0.544470
-10.920231	-0.199492	0.039908	0.544952	0.547079	0.328637	-0.543810
-10.920031	-0.199992	0.040008	0.544043	0.548202	0.329364	-0.543149
-10.919831	-0.200492	0.040108	0.543131	0.549324	0.330090	-0.542488
-10.919631	-0.200992	0.040208	0.542216	0.550444	0.330815	-0.541825
-10.919431	-0.201492	0.040308	0.541299	0.551562	0.331538	-0.541162
-10.919231	-0.201992	0.040408	0.540380	0.552679	0.332261	-0.540498
-10.919031	-0.202492	0.040508	0.539458	0.553794	0.332984	-0.539833
-10.918831	-0.202992	0.040608	0.538534	0.554907	0.333705	-0.539167
-10.918631	-0.203492	0.040708	0.537607	0.556018	0.334425	-0.538500
-10.918431	-0.203992	0.040808	0.536678	0.557127	0.335144	-0.537833
-10.918231	-0.204492	0.040908	0.535747	0.558235	0.335862	-0.537164
-10.918031	-0.204992	0.041008	0.534813	0.559341	0.336580	-0.536495
-10.917831	-0.205492	0.041108	0.533877	0.560445	0.337296	-0.535825
-10.917631	-0.205992	0.041208	0.532938	0.561547	0.338011	-0.535154
-10.917431	-0.206492	0.041308	0.531997	0.562648	0.338726	-0.534482
-10.917231	-0.206992	0.041408	0.531054	0.563747	0.339439	-0.533809
-10.917031	-0.207492	0.041508	0.530108	0.564844	0.340152	-0.533136
-10.916831	-0.207993	0.041608	0.529160	0.565939	0.340864	-0.532461
-10.916631	-0.208493	0.041708	0.528209	0.567032	0.341574	-0.531786
-10.916431	-0.208993	0.041808	0.527256	0.568124	0.342284	-0.531110
-10.916231	-0.209493	0.041908	0.526301	0.569214	0.342992	-0.530433
-10.916031	-0.209993	0.042008	0.525343	0.570302	0.343700	-0.529756
-10.915831	-0.210493	0.042108	0.524383	0.571388	0.344407	-0.529077
-10.915631	-0.210993	0.042208	0.523420	0.572472	0.345112	-0.528398
-10.915431	-0.211493	0.042308	0.522455	0.573555	0.345817	-0.527718
-10.915231	-0.211993	0.042408	0.521488	0.574635	0.346521	-0.527037
-10.915031	-0.212493	0.042508	0.520518	0.575714	0.347224	-0.526355
-10.914831	-0.212993	0.042608	0.519546	0.576791	0.347925	-0.525673
-10.914631	-0.213493	0.042708	0.518571	0.577866	0.348626	-0.524990
-10.914431	-0.213993	0.042808	0.517594	0.578940	0.349326	-0.524306
-10.914231	-0.214493	0.042908	0.516615	0.580011	0.350025	-0.523621
-10.914031	-0.214993	0.043008	0.515633	0.581081	0.350722	-0.522935
-10.913831	-0.215493	0.043108	0.514649	0.582149	0.351419	-0.522249
-10.913631	-0.215993	0.043208	0.513662	0.583215	0.352115	-0.521562
-10.913431	-0.216493	0.043308	0.512673	0.584279	0.352810	-0.520874
-10.913231	-0.216993	0.043408	0.511682	0.585341	0.353503	-0.520186
-10.913031	-0.217493	0.043508	0.510688	0.586401	0.354196	-0.519496
-10.912831	-0.217993	0.043608	0.509692	0.587460	0.354888	-0.518806
-10.912631	-0.218493	0.043709	0.508694	0.588516	0.355579	-0.518115
-10.912431	-0.218993	0.043809	0.507693	0.589571	0.356268	-0.517424
-10.912231	-0.219493	0.043909	0.506689	0.590624	0.356957	-0.516731
-10.912031	-0.219994	0.044009	0.505684	0.591675	0.357645	-0.516038
-10.911831	-0.220494	0.044109	0.504676	0.592724	0.358331	-0.515344
-10.911631	-0.220994	0.044209	0.503665	0.593771	0.359017	-0.514650
-10.911431	-0.221494	0.044309	0.502653	0.594816	0.359701	-0.513955
-10.911231	-0.221994	0.044409	0.501637	0.595859	0.360385	-0.513259
-10.911031	-0.222494	0.044509	0.500620	0.596900	0.361067	-0.512562
-10.910831	-0.222994	0.044609	0.499600	0.597940	0.361749	-0.511865
-10.910631	-0.223494	0.044709	0.498577	0.598978	0.362429	-0.511167
-10.910431	-0.223994	0.044809	0.497553	0.600013	0.363109	-0.510468
-10.910231	-0.224494	0.044909	0.496526	0.601047	0.363787	-0.509769
-10.910031	-0.224994	0.045009	0.495496	0.602078	0.364464	-0.509068
-10.909831	-0.225494	0.045109	0.494464	0.603108	0.365141	-0.508368
-10.909631	-0.225994	0.045209	0.493430	0.604136	0.365816	-0.507666
-10.909431	-0.226494	0.045309	0.492394	0.605162	0.366490	-0.506964
-10.909231	-0.226994	0.045409	0.491355	0.606186	0.367163	-0.506261
-10.909031	-0.227494	0.045509	0.490314	0.607208	0.367835	-0.505558
-10.908831	-0.227994	0.045609	0.489270	0.608228	0.368506	-0.504853
-10.908631	-0.228494	0.045709	0.488224	0.609246	0.369176	-0.504148
-10.908431	-0.228994	0.045809	0.487175	0.610262	0.369845	-0.503443
-10.908231	-0.229494	0.045909	0.486125	0.611277	0.370513	-0.502737
-10.908031	-0.229994	0.046009	0.485071	0.612289	0.371179	-0.502030
-10.907831	-0.230494	0.046109	0.484016	0.613299	0.371845	-0.501323
-10.907631	-0.230994	0.046209	0.482958	0.614307	0.372510	-0.500615
-10.907431	-0.231495	0.046309	0.481898	0.615313	0.373173	-0.499906
-10.907231	-0.231995	0.046409	0.480835	0.616318	0.373835	-0.499197
-10.907031	-0.232495	0.046509	0.479770	0.617320	0.374497	-0.498487
-10.906831	-0.232995	0.046609	0.478703	0.618320	0.375157	-0.497776
-10.906631	-0.233495	0.046709	0.477633	0.619318	0.375816	-0.497065
-10.906431	-0.233995	0.046809	0.476561	0.620314	0.376474	-0.496353
-10.906231	-0.234495	0.046909	0.475487	0.621309	0.377132	-0.495641
-10.906031	-0.234995	0.047009	0.474410	0.622301	0.377788	-0.494928
-10.905831	-0.235495	0.047109	0.473331	0.623291	0.378442	-0.494214
-10.905631	-0.235995	0.047209	0.472250	0.624279	0.379096	-0.493500
-10.905431	-0.236495	0.047309	0.471166	0.625265	0.379749	-0.492785
-10.905231	-0.236995	0.047409	0.470080	0.626249	0.380400	-0.492070
-10.905031	-0.237495	0.047509	0.468991	0.627231	0.381051	-0.491354
-10.904831	-0.237995	0.047609	0.467900	0.628211	0.381700	-0.490637
-10.904631	-0.238495	0.047709	0.466807	0.629189	0.382349	-0.489920
-10.904431	-0.238995	0.047809	0.465712	0.630165	0.382996	-0.489202
-10.904231	-0.239495	0.047909	0.464614	0.631139	0.383642	-0.488484
-10.904031	-0.239995	0.048009	0.463513	0.632111	0.384287	-0.487765
-10.903831	-0.240495	0.048109	0.462411	0.633080	0.384931	-0.487046
-10.903631	-0.240995	0.048209	0.461306	0.634048	0.385574	-0.486326
-10.903431	-0.241495	0.048309	0.460199	0.635013	0.386215	-0.485606
-10.903231	-0.241995	0.048409	0.459089	0.635977	0.386856	-0.484885
-10.903031	-0.242495	0.048510	0.457977	0.636938	0.387495	-0.484163
-10.902831	-0.242995	0.048610	0.456863	0.637897	0.388134	-0.483441
-10.902631	-0.243496	0.048710	0.455746	0.638855	0.388771	-0.482719
-10.902431	-0.243996	0.048810	0.454627	0.639810	0.389407	-0.481996
-10.902231	-0.244496	0.048910	0.453506	0.640763	0.390042	-0.481272
-10.902031	-0.244996	0.049010	0.452382	0.641714	0.390676	-0.480548
-10.901831	-0.245496	0.049110	0.451256	0.642662	0.391309	-0.479824
-10.901631	-0.245996	0.049210	0.450128	0.643609	0.391940	-0.479099
-10.901431	-0.246496	0.049310	0.448997	0.644554	0.392571	-0.478373
-10.901231	-0.246996	0.049410	0.447864	0.645496	0.393200	-0.477647
-10.901031	-0.247496	0.049510	0.446729	0.646436	0.393828	-0.476920
-10.900831	-0.247996	0.049610	0.445591	0.647374	0.394455	-0.476193
-10.900631	-0.248496	0.049710	0.444451	0.648310	0.395081	-0.475466
-10.900431	-0.248996	0.049810	0.443309	0.649244	0.395706	-0.474738
-10.900231	-0.249496	0.049910	0.442164	0.650176	0.396330	-0.474009
-10.900031	-0.249996	0.050010	0.441017	0.651105	0.396952	-0.473281
-10.899831	-0.250496	0.050110	0.439868	0.652033	0.397574	-0.472551
-10.899631	-0.250996	0.050210	0.438716	0.652958	0.398194	-0.471821
-10.899431	-0.251496	0.050310	0.437562	0.653881	0.398813	-0.471091
-10.899231	-0.251996	0.050410	0.436406	0.654802	0.399431	-0.470360
-10.899031	-0.252496	0.050510	0.435247	0.655721	0.400048	-0.469629
-10.898831	-0.252996	0.050610	0.434087	0.656637	0.400663	-0.468898
-10.898631	-0.253496	0.050710	0.432923	0.657552	0.401278	-0.468166
-10.898431	-0.253996	0.050810	0.431758	0.658464	0.401891	-0.467433
-10.898231	-0.254496	0.050910	0.430590	0.659374	0.402504	-0.466700
-10.898031	-0.254997	0.051010	0.429420	0.660282	0.403115	-0.465967
-10.897831	-0.255497	0.051110	0.428247	0.661187	0.403725	-0.465233
-10.897631	-0.255997	0.051210	0.427073	0.662091	0.404333	-0.464499
-10.897431	-0.256497	0.051310	0.425895	0.662992	0.404941	-0.463765
-10.897231	-0.256997	0.051410	0.424716	0.663891	0.405547	-0.463030
-10.897031	-0.257497	0.051510	0.423534	0.664787	0.406153	-0.462295
-10.896831	-0.257997	0.051610	0.422350	0.665682	0.406757	-0.461559
-10.896631	-0.258497	0.051710	0.421164	0.666574	0.407360	-0.460823
-10.896431	-0.258997	0.051810	0.419975	0.667464	0.407961	-0.460087
-10.896231	-0.259497	0.051910	0.418785	0.668352	0.408562	-0.459350
-10.896031	-0.259997	0.052010	0.417591	0.669238	0.409161	-0.458613
-10.895832	-0.260497	0.052110	0.416396	0.670121	0.409760	-0.457875
-10.895632	-0.260997	0.052210	0.415198	0.671002	0.410357	-0.457137
-10.895432	-0.261497	0.052310	0.413998	0.671881	0.410953	-0.456399
-10.895232	-0.261997	0.052410	0.412795	0.672757	0.411547	-0.455661
-10.895032	-0.262497	0.052510	0.411591	0.673632	0.412141	-0.454922
-10.894832	-0.262997	0.052610	0.410384	0.674503	0.412733	-0.454182
-10.894632	-0.263497	0.052710	0.409174	0.675373	0.413324	-0.453443
-10.894432	-0.263997	0.052810	0.407963	0.676241	0.413914	-0.452703
-10.894232	-0.264497	0.052910	0.406749	0.677106	0.414503	-0.451963
-10.894032	-0.264997	0.053010	0.405533	0.677969	0.415091	-0.451222
-10.893832	-0.265497	0.053110	0.404314	0.678829	0.415677	-0.450481
-10.893632	-0.265997	0.053210	0.403093	0.679687	0.416263	-0.449740
-10.893432	-0.266497	0.053311	0.401870	0.680543	0.416847	-0.448999
-10.893232	-0.266998	0.053411	0.400645	0.681397	0.417430	-0.448257
-10.893032	-0.267498	0.053511	0.399418	0.682248	0.418011	-0.447515
-10.892832	-0.267998	0.053611	0.398188	0.683097	0.418592	-0.446773
-10.892632	-0.268498	0.053711	0.396956	0.683944	0.419171	-0.446030
-10.892432	-0.268998	0.053811	0.395721	0.684788	0.419749	-0.445287
-10.892232	-0.269498	0.053911	0.394484	0.685630	0.420326	-0.444544
-10.892032	-0.269998	0.054011	0.393245	0.686470	0.420902	-0.443801
-10.891832	-0.270498	0.054111	0.392004	0.687307	0.421477	-0.443057
-10.891632	-0.270998	0.054211	0.390761	0.688142	0.422050	-0.442313
-10.891432	-0.271498	0.054311	0.389515	0.688975	0.422622	-0.441569
-10.891232	-0.271998	0.054411	0.388267	0.689805	0.423193	-0.440824
-10.891032	-0.272498	0.054511	0.387016	0.690633	0.423763	-0.440080
-10.890832	-0.272998	0.054611	0.385764	0.691458	0.424331	-0.439335
-10.890632	-0.273498	0.054711	0.384509	0.692281	0.424899	-0.438590
-10.890432	-0.273998	0.054811	0.383252	0.693102	0.425465	-0.437844
-10.890232	-0.274498	0.054911	0.381992	0.693920	0.426030	-0.437099
-10.890032	-0.274998	0.055011	0.380731	0.694736	0.426593	-0.436353
-10.889832	-0.275498	0.055111	0.379467	0.695550	0.427156	-0.435607
-10.889632	-0.275998	0.055211	0.378201	0.696361	0.427717	-0.434861
-10.889432	-0.276498	0.055311	0.376932	0.697170	0.428277	-0.434114
-10.889232	-0.276998	0.055411	0.375661	0.697976	0.428836	-0.433368
-10.889032	-0.277498	0.055511	0.374388	0.698780	0.429394	-0.432621
-10.888832	-0.277998	0.055611	0.373113	0.699581	0.429950	-0.431874
-10.888632	-0.278499	0.055711	0.371836	0.700380	0.430505	-0.431127
-10.888432	-0.278999	0.055811	0.370556	0.701177	0.431059	-0.430380
-10.888232	-0.279499	0.055911	0.369274	0.701971	0.431612	-0.429632
-10.888032	-0.279999	0.056011	0.367990	0.702763	0.432164	-0.428885
-10.887832	-0.280499	0.056111	0.366704	0.703552	0.432714	-0.428137
-10.887632	-0.280999	0.056211	0.365415	0.704339	0.433263	-0.427389
-10.887432	-0.281499	0.056311	0.364124	0.705124	0.433811	-0.426641
-10.887232	-0.281999	0.056411	0.362831	0.705906	0.434358	-0.425892
-10.887032	-0.282499	0.056511	0.361535	0.706685	0.434903	-0.425144
-10.886832	-0.282999	0.056611	0.360238	0.707462	0.435448	-0.424396
-10.886632	-0.283499	0.056711	0.358938	0.708236	0.435991	-0.423647
-10.886432	-0.283999	0.056811	0.357636	0.709009	0.436532	-0.422898
-10.886232	-0.284499	0.056911	0.356332	0.709778	0.437073	-0.422149
-10.886032	-0.284999	0.057011	0.355025	0.710545	0.437612	-0.421400
-10.885832	-0.285499	0.057111	0.353716	0.711310	0.438150	-0.420651
-10.885632	-0.285999	0.057211	0.352405	0.712072	0.438687	-0.419902
-10.885432	-0.286499	0.057311	0.351092	0.712831	0.439223	-0.419153
-10.885232	-0.286999	0.057411	0.349777	0.713588	0.439757	-0.418404
-10.885032	-0.287499	0.057511	0.348459	0.714343	0.440291	-0.417654
-10.884832	-0.287999	0.057611	0.347139	0.715095	0.440823	-0.416905
-10.884632	-0.288499	0.057711	0.345817	0.715844	0.441353	-0.416155
-10.884432	-0.288999	0.057811	0.344493	0.716591	0.441883	-0.415405
-10.884232	-0.289499	0.057911	0.343166	0.717336	0.442411	-0.414656
-10.884032	-0.289999	0.058011	0.341837	0.718077	0.442938	-0.413906
-10.883832	-0.290500	0.058112	0.340506	0.718817	0.443464	-0.413156
-10.883632	-0.291000	0.058212	0.339173	0.719553	0.443988	-0.412406
-10.883432	-0.291500	0.058312	0.337838	0.720288	0.444512	-0.411656
-10.883232	-0.292000	0.058412	0.336500	0.721019	0.445034	-0.410906
-10.883032	-0.292500	0.058512	0.335160	0.721748	0.445554	-0.410156
-10.882832	-0.293000	0.058612	0.333818	0.722475	0.446074	-0.409406
-10.882632	-0.293500	0.058712	0.332474	0.723198	0.446592	-0.408656
-10.882432	-0.294000	0.058812	0.331128	0.723920	0.447110	-0.407906
-10.882232	-0.294500	0.058912	0.329779	0.724638	0.447625	-0.407156
-10.882032	-0.295000	0.059012	0.328429	0.725354	0.448140	-0.406406
-10.881832	-0.295500	0.059112	0.327076	0.726068	0.448654	-0.405656
-10.881632	-0.296000	0.059212	0.325721	0.726779	0.449166	-0.404906
-10.881432	-0.296500	0.059312	0.324363	0.727487	0.449676	-0.404156
-10.881232	-0.297000	0.059412	0.323004	0.728193	0.450186	-0.403406
-10.881032	-0.297500	0.059512	0.321642	0.728896	0.450695	-0.402656
-10.880832	-0.298000	0.059612	0.320278	0.729596	0.451202	-0.401906
-10.880632	-0.298500	0.059712	0.318912	0.730294	0.451708	-0.401157
-10.880432	-0.299000	0.059812	0.317544	0.730989	0.452212	-0.400407
-10.880232	-0.299500	0.059912	0.316173	0.731681	0.452716	-0.399657
-10.880032	-0.300000	0.060012	0.314801	0.732371	0.453218	-0.398907
-10.879832	-0.300500	0.060112	0.313426	0.733058	0.453719	-0.398158
-10.879632	-0.301000	0.060212	0.312049	0.733742	0.454218	-0.397408
-10.879432	-0.301500	0.060312	0.310670	0.734424	0.454717	-0.396658
-10.879232	-0.302001	0.060412	0.309289	0.735103	0.455214	-0.395909
-10.879032	-0.302501	0.060512	0.307905	0.735780	0.455710	-0.395159
-10.878832	-0.303001	0.060612	0.306520	0.736453	0.456205	-0.394410
-10.878632	-0.303501	0.060712	0.305132	0.737124	0.456698	-0.393661
-10.878432	-0.304001	0.060812	0.303742	0.737793	0.457190	-0.392912
-10.878232	-0.304501	0.060912	0.302350	0.738458	0.457681	-0.392163
-10.878032	-0.305001	0.061012	0.300956	0.739121	0.458171	-0.391414
-10.877832	-0.305501	0.061112	0.299560	0.739781	0.458659	-0.390665
-10.877632	-0.306001	0.061212	0.298161	0.740439	0.459146	-0.389916
-10.877432	-0.306501	0.061312	0.296761	0.741094	0.459632	-0.389168
-10.877232	-0.307001	0.061412	0.295358	0.741746	0.460117	-0.388419
-10.877032	-0.307501	0.061512	0.293953	0.742395	0.460600	-0.387671
-10.876832	-0.308001	0.061612	0.292546	0.743041	0.461082	-0.386923
-10.876632	-0.308501	0.061712	0.291137	0.743685	0.461563	-0.386175
-10.876432	-0.309001	0.061812	0.289725	0.744326	0.462043	-0.385427
-10.876232	-0.309501	0.061912	0.288312	0.744964	0.462521	-0.384680
-10.876032	-0.310001	0.062012	0.286896	0.745600	0.462998	-0.383932
-10.875832	-0.310501	0.062112	0.285479	0.746233	0.463474	-0.383185
-10.875632	-0.311001	0.062212	0.284059	0.746863	0.463949	-0.382438
-10.875432	-0.311501	0.062312	0.282637	0.747490	0.464422	-0.381691
-10.875232	-0.312001	0.062412	0.281213	0.748114	0.464894	-0.380944
-10.875032	-0.312501	0.062512	0.279787	0.748736	0.465365	-0.380197
-10.874832	-0.313001	0.062612	0.278358	0.749354	0.465834	-0.379451
-10.874632	-0.313502	0.062712	0.276928	0.749970	0.466303	-0.378705
-10.874432	-0.314002	0.062812	0.275495	0.750583	0.466770	-0.377959
-10.874232	-0.314502	0.062913	0.274061	0.751194	0.467235	-0.377213
-10.874032	-0.315002	0.063013	0.272624	0.751801	0.467700	-0.376467
-10.873832	-0.315502	0.063113	0.271185	0.752406	0.468163	-0.375722
-10.873632	-0.316002	0.063213	0.269744	0.753008	0.468625	-0.374977
-10.873432	-0.316502	0.063313	0.268301	0.753607	0.469086	-0.374232
-10.873232	-0.317002	0.063413	0.266856	0.754203	0.469545	-0.373488
-10.873032	-0.317502	0.063513	0.265409	0.754796	0.470004	-0.372743
-10.872832	-0.318002	0.063613	0.263960	0.755387	0.470461	-0.371999
-10.872632	-0.318502	0.063713	0.262508	0.755974	0.470916	-0.371255
-10.872432	-0.319002	0.063813	0.261055	0.756559	0.471371	-0.370512
-10.872232	-0.319502	0.063913	0.259599	0.757140	0.471824	-0.369768
-10.872032	-0.320002	0.064013	0.258142	0.757719	0.472276	-0.369025
-10.871832	-0.320502	0.064113	0.256682	0.758295	0.472727	-0.368283
-10.871632	-0.321002	0.064213	0.255220	0.758869	0.473176	-0.367540
-10.871432	-0.321502	0.064313	0.253756	0.759439	0.473624	-0.366798
-10.871232	-0.322002	0.064413	0.252290	0.760006	0.474071	-0.366056
-10.871032	-0.322502	0.064513	0.250822	0.760570	0.474517	-0.365315
-10.870832	-0.323002	0.064613	0.249352	0.761132	0.474961	-0.364574
-10.870633	-0.323502	0.064713	0.247880	0.761690	0.475404	-0.363833
-10.870433	-0.324002	0.064813	0.246406	0.762246	0.475846	-0.363092
-10.870233	-0.324502	0.064913	0.244930	0.762799	0.476287	-0.362352
-10.870033	-0.325002	0.065013	0.243452	0.763348	0.476726	-0.361612
-10.869833	-0.325503	0.065113	0.241971	0.763895	0.477164	-0.360872
-10.869633	-0.326003	0.065213	0.240489	0.764439	0.477601	-0.360133
-10.869433	-0.326503	0.065313	0.239005	0.764980	0.478036	-0.359394
-10.869233	-0.327003	0.065413	0.237518	0.765517	0.478471	-0.358656
-10.869033	-0.327503	0.065513	0.236030	0.766052	0.478904	-0.357918
-10.868833	-0.328003	0.065613	0.234539	0.766584	0.479335	-0.357180
-10.868633	-0.328503	0.065713	0.233047	0.767113	0.479766	-0.356443
-10.868433	-0.329003	0.065813	0.231552	0.767639	0.480195	-0.355706
-10.868233	-0.329503	0.065913	0.230056	0.768162	0.480623	-0.354969
-10.868033	-0.330003	0.066013	0.228557	0.768682	0.481050	-0.354233
-10.867833	-0.330503	0.066113	0.227056	0.769199	0.481475	-0.353497
-10.867633	-0.331003	0.066213	0.225554	0.769713	0.481900	-0.352761
-10.867433	-0.331503	0.066313	0.224049	0.770224	0.482323	-0.352026
-10.867233	-0.332003	0.066413	0.222542	0.770731	0.482744	-0.351292
-10.867033	-0.332503	0.066513	0.221034	0.771236	0.483165	-0.350558
-10.866833	-0.333003	0.066613	0.219523	0.771738	0.483584	-0.349824
-10.866633	-0.333503	0.066713	0.218011	0.772236	0.484002	-0.349091
-10.866433	-0.334003	0.066813	0.216496	0.772732	0.484419	-0.348358
-10.866233	-0.334503	0.066913	0.214979	0.773225	0.484834	-0.347625
-10.866033	-0.335003	0.067013	0.213461	0.773714	0.485248	-0.346893
-10.865833	-0.335503	0.067113	0.211940	0.774201	0.485661	-0.346162
-10.865633	-0.336003	0.067213	0.210417	0.774684	0.486073	-0.345431
-10.865433	-0.336503	0.067313	0.208893	0.775164	0.486483	-0.344700
-10.865233	-0.337004	0.067413	0.207366	0.775641	0.486892	-0.343970
-10.865033	-0.337504	0.067513	0.205838	0.776115	0.487300	-0.343241
-10.864833	-0.338004	0.067613	0.204307	0.776586	0.487707	-0.342512
-10.864633	-0.338504	0.067714	0.202775	0.777054	0.488112	-0.341783
-10.864433	-0.339004	0.067814	0.201241	0.777519	0.488517	-0.341055
-10.864233	-0.339504	0.067914	0.199704	0.777980	0.488920	-0.340327
-10.864033	-0.340004	0.068014	0.198166	0.778439	0.489321	-0.339600
-10.863833	-0.340504	0.068114	0.196626	0.778894	0.489722	-0.338874
-10.863633	-0.341004	0.068214	0.195083	0.779346	0.490121	-0.338148
-10.863433	-0.341504	0.068314	0.193539	0.779795	0.490519	-0.337422
-10.863233	-0.342004	0.068414	0.191993	0.780241	0.490915	-0.336697
-10.863033	-0.342504	0.068514	0.190445	0.780684	0.491311	-0.335973
-10.862833	-0.343004	0.068614	0.188895	0.781123	0.491705	-0.335249
-10.862633	-0.343504	0.068714	0.187343	0.781559	0.492098	-0.334525
-10.862433	-0.344004	0.068814	0.185789	0.781992	0.492489	-0.333803
-10.862233	-0.344504	0.068914	0.184234	0.782422	0.492880	-0.333080
-10.862033	-0.345004	0.069014	0.182676	0.782849	0.493269	-0.332359
-10.861833	-0.345504	0.069114	0.181116	0.783273	0.493657	-0.331638
-10.861633	-0.346004	0.069214	0.179555	0.783693	0.494044	-0.330917
-10.861433	-0.346504	0.069314	0.177992	0.784110	0.494429	-0.330197
-10.861233	-0.347004	0.069414	0.176426	0.784524	0.494813	-0.329478
-10.861033	-0.347504	0.069514	0.174859	0.784935	0.495196	-0.328759
-10.860833	-0.348004	0.069614	0.173290	0.785342	0.495578	-0.328041
-10.860633	-0.348504	0.069714	0.171719	0.785746	0.495959	-0.327324
-10.860433	-0.349005	0.069814	0.170146	0.786147	0.496338	-0.326607
-10.860233	-0.349505	0.069914	0.168571	0.786545	0.496716	-0.325891
-10.860033	-0.350005	0.070014	0.166995	0.786939	0.497093	-0.325175
-10.859833	-0.350505	0.070114	0.165416	0.787330	0.497468	-0.324460
-10.859633	-0.351005	0.070214	0.163836	0.787718	0.497842	-0.323746
-10.859433	-0.351505	0.070314	0.162254	0.788103	0.498215	-0.323032
-10.859233	-0.352005	0.070414	0.160670	0.788484	0.498587	-0.322319
-10.859033	-0.352505	0.070514	0.159084	0.788862	0.498958	-0.321607
-10.858833	-0.353005	0.070614	0.157496	0.789236	0.499327	-0.320895
-10.858633	-0.353505	0.070714	0.155906	0.789608	0.499695	-0.320184
-10.858433	-0.354005	0.070814	0.154315	0.789976	0.500062	-0.319473
-10.858233	-0.354505	0.070914	0.152721	0.790340	0.500428	-0.318764
-10.858033	-0.355005	0.071014	0.151126	0.790702	0.500792	-0.318055
-10.857833	-0.355505	0.071114	0.149529	0.791060	0.501155	-0.317347
-10.857633	-0.356005	0.071214	0.147930	0.791414	0.501517	-0.316639
-10.857433	-0.356505	0.071314	0.146330	0.791766	0.501878	-0.315932
-10.857233	-0.357005	0.071414	0.144727	0.792114	0.502238	-0.315226
-10.857033	-0.357505	0.071514	0.143123	0.792458	0.502596	-0.314521
-10.856833	-0.358005	0.071614	0.141517	0.792800	0.502953	-0.313816
-10.856633	-0.358505	0.071714	0.139909	0.793137	0.503309	-0.313112
-10.856433	-0.359005	0.071814	0.138299	0.793472	0.503663	-0.312409
-10.856233	-0.359505	0.071914	0.136688	0.793803	0.504017	-0.311706
-10.856033	-0.360005	0.072014	0.135074	0.794131	0.504369	-0.311004
-10.855833	-0.360506	0.072114	0.133459	0.794455	0.504720	-0.310303
-10.855633	-0.361006	0.072214	0.131842	0.794776	0.505070	-0.309603
-10.855433	-0.361506	0.072314	0.130224	0.795093	0.505418	-0.308904
-10.855233	-0.362006	0.072414	0.128603	0.795407	0.505765	-0.308205
-10.855033	-0.362506	0.072515	0.126981	0.795718	0.506111	-0.307507
-10.854833	-0.363006	0.072615	0.125357	0.796025	0.506456	-0.306810
-10.854633	-0.363506	0.072715	0.123731	0.796328	0.506800	-0.306114
-10.854433	-0.364006	0.072815	0.122104	0.796629	0.507142	-0.305418
-10.854233	-0.364506	0.072915	0.120475	0.796925	0.507484	-0.304723
-10.854033	-0.365006	0.073015	0.118844	0.797219	0.507824	-0.304029
-10.853833	-0.365506	0.073115	0.117211	0.797508	0.508162	-0.303336
-10.853633	-0.366006	0.073215	0.115577	0.797795	0.508500	-0.302644
-10.853433	-0.366506	0.073315	0.113940	0.798078	0.508836	-0.301953
-10.853233	-0.367006	0.073415	0.112302	0.798357	0.509172	-0.301262
-10.853033	-0.367506	0.073515	0.110663	0.798633	0.509505	-0.300572
-10.852833	-0.368006	0.073615	0.109022	0.798905	0.509838	-0.299883
-10.852633	-0.368506	0.073715	0.107378	0.799174	0.510170	-0.299195
-10.852433	-0.369006	0.073815	0.105734	0.799439	0.510500	-0.298508
-10.852233	-0.369506	0.073915	0.104087	0.799701	0.510829	-0.297822
-10.852033	-0.370006	0.074015	0.102439	0.799959	0.511157	-0.297136
-10.851833	-0.370506	0.074115	0.100789	0.800214	0.511484	-0.296452
-10.851633	-0.371006	0.074215	0.099138	0.800465	0.511810	-0.295768
-10.851433	-0.371506	0.074315	0.097485	0.800712	0.512134	-0.295085
-10.851233	-0.372006	0.074415	0.095830	0.800956	0.512457	-0.294403
-10.851033	-0.372507	0.074515	0.094173	0.801197	0.512779	-0.293722
-10.850833	-0.373007	0.074615	0.092515	0.801434	0.513100	-0.293042
-10.850633	-0.373507	0.074715	0.090855	0.801667	0.513420	-0.292363
-10.850433	-0.374007	0.074815	0.089194	0.801897	0.513738	-0.291684
-10.850233	-0.374507	0.074915	0.087531	0.802123	0.514055	-0.291007
-10.850033	-0.375007	0.075015	0.085866	0.802345	0.514371	-0.290330
-10.849833	-0.375507	0.075115	0.084199	0.802564	0.514686	-0.289655
-10.849633	-0.376007	0.075215	0.082531	0.802779	0.515000	-0.288980
-10.849433	-0.376507	0.075315	0.080862	0.802991	0.515312	-0.288307
-10.849233	-0.377007	0.075415	0.079190	0.803198	0.515624	-0.287634
-10.849033	-0.377507	0.075515	0.077517	0.803403	0.515934	-0.286962
-10.848833	-0.378007	0.075615	0.075843	0.803603	0.516243	-0.286291
-10.848633	-0.378507	0.075715	0.074167	0.803800	0.516551	-0.285622
-10.848433	-0.379007	0.075815	0.072489	0.803994	0.516857	-0.284953
-10.848233	-0.379507	0.075915	0.070810	0.804183	0.517163	-0.284285
-10.848033	-0.380007	0.076015	0.069129	0.804369	0.517467	-0.283618
-10.847833	-0.380507	0.076115	0.067446	0.804552	0.517770	-0.282952
-10.847633	-0.381007	0.076215	0.065762	0.804730	0.518072	-0.282287
-10.847433	-0.381507	0.076315	0.064077	0.804905	0.518373	-0.281624
-10.847233	-0.382007	0.076415	0.062390	0.805076	0.518672	-0.280961
-10.847033	-0.382507	0.076515	0.060701	0.805244	0.518971	-0.280299
-10.846833	-0.383007	0.076615	0.059011	0.805407	0.519268	-0.279638
-10.846633	-0.383507	0.076715	0.057319	0.805567	0.519564	-0.278978
-10.846433	-0.384008	0.076815	0.055626	0.805724	0.519859	-0.278320
-10.846233	-0.384508	0.076915	0.053931	0.805876	0.520153	-0.277662
-10.846033	-0.385008	0.077015	0.052234	0.806025	0.520446	-0.277005
-10.845833	-0.385508	0.077115	0.050536	0.806170	0.520737	-0.276350
-10.845633	-0.386008	0.077215	0.048837	0.806311	0.521027	-0.275695
-10.845433	-0.386508	0.077316	0.047136	0.806449	0.521317	-0.275042
-10.845234	-0.387008	0.077416	0.045434	0.806582	0.521605	-0.274389
-10.845034	-0.387508	0.077516	0.043730	0.806712	0.521892	-0.273738
-10.844834	-0.388008	0.077616	0.042024	0.806838	0.522177	-0.273088
-10.844634	-0.388508	0.077716	0.040318	0.806960	0.522462	-0.272439
-10.844434	-0.389008	0.077816	0.038609	0.807079	0.522745	-0.271791
-10.844234	-0.389508	0.077916	0.036900	0.807194	0.523028	-0.271144
-10.844034	-0.390008	0.078016	0.035188	0.807305	0.523309	-0.270498
-10.843834	-0.390508	0.078116	0.033476	0.807411	0.523589	-0.269853
-10.843634	-0.391008	0.078216	0.031761	0.807515	0.523868	-0.269209
-10.843434	-0.391508	0.078316	0.030046	0.807614	0.524146	-0.268567
-10.843234	-0.392008	0.078416	0.028329	0.807709	0.524422	-0.267926
-10.843034	-0.392508	0.078516	0.026610	0.807801	0.524698	-0.267285
-10.842834	-0.393008	0.078616	0.024891	0.807889	0.524972	-0.266646
-10.842634	-0.393508	0.078716	0.023169	0.807973	0.525246	-0.266008
-10.842434	-0.394008	0.078816	0.021447	0.808053	0.525518	-0.265372
-10.842234	-0.394508	0.078916	0.019723	0.808129	0.525789	-0.264736
-10.842034	-0.395008	0.079016	0.017997	0.808201	0.526059	-0.264101
-10.841834	-0.395508	0.079116	0.016270	0.808269	0.526327	-0.263468
-10.841634	-0.396009	0.079216	0.014542	0.808334	0.526595	-0.262836
-10.841434	-0.396509	0.079316	0.012813	0.808394	0.526862	-0.262205
-10.841234	-0.397009	0.079416	0.011082	0.808451	0.527127	-0.261575
-10.841034	-0.397509	0.079516	0.009349	0.808503	0.527392	-0.260947
-10.840834	-0.398009	0.079616	0.007616	0.808552	0.527655	-0.260320
-10.840634	-0.398509	0.079716	0.005881	0.808597	0.527917	-0.259693
-10.840434	-0.399009	0.079816	0.004145	0.808637	0.528178	-0.259068
-10.840234	-0.399509	0.079916	0.002407	0.808674	0.528438	-0.258445
-10.840034	-0.400009	0.080016	0.000668	0.808707	0.528697	-0.257822
-10.839834	-0.400509	0.080116	-0.001072	0.808736	0.528954	-0.257201
-10.839634	-0.401009	0.080216	-0.002814	0.808761	0.529211	-0.256581
-10.839434	-0.401509	0.080316	-0.004556	0.808782	0.529467	-0.255962
-10.839234	-0.402009	0.080416	-0.006301	0.808798	0.529721	-0.255345
-10.839034	-0.402509	0.080516	-0.008046	0.808811	0.529975	-0.254728
-10.838834	-0.403009	0.080616	-0.009793	0.808820	0.530227	-0.254113
-10.838634	-0.403509	0.080716	-0.011541	0.808825	0.530478	-0.253499
-10.838434	-0.404009	0.080816	-0.013290	0.808826	0.530728	-0.252887
-10.838234	-0.404509	0.080916	-0.015040	0.808823	0.530977	-0.252276
-10.838034	-0.405009	0.081016	-0.016792	0.808815	0.531225	-0.251666
-10.837834	-0.405509	0.081116	-0.018545	0.808804	0.531472	-0.251057
-10.837634	-0.406009	0.081216	-0.020299	0.808789	0.531718	-0.250450
-10.837434	-0.406509	0.081316	-0.022054	0.808769	0.531962	-0.249844
-10.837234	-0.407009	0.081416	-0.023811	0.808746	0.532206	-0.249239
-10.837034	-0.407510	0.081516	-0.025568	0.808718	0.532449	-0.248635
-10.836834	-0.408010	0.081616	-0.027327	0.808687	0.532690	-0.248033
-10.836634	-0.408510	0.081716	-0.029087	0.808651	0.532931	-0.247432
-10.836434	-0.409010	0.081816	-0.030849	0.808611	0.533170	-0.246833
-10.836234	-0.409510	0.081916	-0.032611	0.808567	0.533408	-0.246235
-10.836034	-0.410010	0.082016	-0.034375	0.808519	0.533646	-0.245638
-10.835834	-0.410510	0.082117	-0.036139	0.808467	0.533882	-0.245042
-10.835634	-0.411010	0.082217	-0.037905	0.808410	0.534117	-0.244448
-10.835434	-0.411510	0.082317	-0.039672	0.808350	0.534351	-0.243855
-10.835234	-0.412010	0.082417	-0.041440	0.808285	0.534584	-0.243264
-10.835034	-0.412510	0.082517	-0.043210	0.808216	0.534816	-0.242674
-10.834834	-0.413010	0.082617	-0.044980	0.808144	0.535047	-0.242085
-10.834634	-0.413510	0.082717	-0.046751	0.808066	0.535277	-0.241498
-10.834434	-0.414010	0.082817	-0.048524	0.807985	0.535506	-0.240912
-10.834234	-0.414510	0.082917	-0.050297	0.807900	0.535734	-0.240327
-10.834034	-0.415010	0.083017	-0.052072	0.807810	0.535961	-0.239744
-10.833834	-0.415510	0.083117	-0.053848	0.807716	0.536187	-0.239162
-10.833634	-0.416010	0.083217	-0.055625	0.807618	0.536412	-0.238582
-10.833434	-0.416510	0.083317	-0.057402	0.807516	0.536635	-0.238003
-10.833234	-0.417010	0.083417	-0.059181	0.807410	0.536858	-0.237425
-10.833034	-0.417510	0.083517	-0.060961	0.807299	0.537080	-0.236849
-10.832834	-0.418010	0.083617	-0.062742	0.807184	0.537301	-0.236274
-10.832634	-0.418510	0.083717	-0.064524	0.807065	0.537520	-0.235701
-10.832434	-0.419010	0.083817	-0.066307	0.806941	0.537739	-0.235129
-10.832234	-0.419511	0.083917	-0.068091	0.806814	0.537957	-0.234559
-10.832034	-0.420011	0.084017	-0.069876	0.806682	0.538173	-0.233990
-10.831834	-0.420511	0.084117	-0.071661	0.806546	0.538389	-0.233422
-10.831634	-0.421011	0.084217	-0.073448	0.806405	0.538604	-0.232856
-10.831434	-0.421511	0.084317	-0.075236	0.806261	0.538817	-0.232291
-10.831234	-0.422011	0.084417	-0.077025	0.806112	0.539030	-0.231728
-10.831034	-0.422511	0.084517	-0.078814	0.805958	0.539242	-0.231167
-10.830834	-0.423011	0.084617	-0.080605	0.805801	0.539452	-0.230606
-10.830634	-0.423511	0.084717	-0.082396	0.805639	0.539662	-0.230048
-10.830434	-0.424011	0.084817	-0.084189	0.805473	0.539871	-0.229491
-10.830234	-0.424511	0.084917	-0.085982	0.805302	0.540078	-0.228935
-10.830034	-0.425011	0.085017	-0.087776	0.805127	0.540285	-0.228381
-10.829834	-0.425511	0.085117	-0.089571	0.804948	0.540491	-0.227828
-10.829634	-0.426011	0.085217	-0.091367	0.804764	0.540696	-0.227277
-10.829434	-0.426511	0.085317	-0.093163	0.804576	0.540900	-0.226727
-10.829234	-0.427011	0.085417	-0.094961	0.804384	0.541102	-0.226179
-10.829034	-0.427511	0.085517	-0.096759	0.804188	0.541304	-0.225632
-10.828834	-0.428011	0.085617	-0.098559	0.803987	0.541505	-0.225087
-10.828634	-0.428511	0.085717	-0.100358	0.803781	0.541705	-0.224543
-10.828434	-0.429011	0.085817	-0.102159	0.803571	0.541904	-0.224001
-10.828234	-0.429511	0.085917	-0.103961	0.803357	0.542102	-0.223461
-10.828034	-0.430011	0.086017	-0.105763	0.803139	0.542299	-0.222922
-10.827834	-0.430511	0.086117	-0.107566	0.802916	0.542495	-0.222384
-10.827634	-0.431012	0.086217	-0.109370	0.802688	0.542690	-0.221848
-10.827434	-0.431512	0.086317	-0.111175	0.802456	0.542885	-0.221314
-10.827234	-0.432012	0.086417	-0.112980	0.802220	0.543078	-0.220781
-10.827034	-0.432512	0.086517	-0.114786	0.801980	0.543270	-0.220250
-10.826834	-0.433012	0.086617	-0.116593	0.801735	0.543462	-0.219721
-10.826634	-0.433512	0.086717	-0.118401	0.801485	0.543652	-0.219193
-10.826434	-0.434012	0.086817	-0.120209	0.801231	0.543842	-0.218666
-10.826234	-0.434512	0.086918	-0.122018	0.800972	0.544030	-0.218142
-10.826034	-0.435012	0.087018	-0.123827	0.800710	0.544218	-0.217618
-10.825834	-0.435512	0.087118	-0.125638	0.800442	0.544405	-0.217097
-10.825634	-0.436012	0.087218	-0.127449	0.800170	0.544591	-0.216577
-10.825434	-0.436512	0.087318	-0.129260	0.799894	0.544775	-0.216058
-10.825234	-0.437012	0.087418	-0.131072	0.799613	0.544960	-0.215542
-10.825034	-0.437512	0.087518	-0.132885	0.799328	0.545143	-0.215027
-10.824834	-0.438012	0.087618	-0.134698	0.799038	0.545325	-0.214513
-10.824634	-0.438512	0.087718	-0.136512	0.798743	0.545506	-0.214001
-10.824434	-0.439012	0.087818	-0.138327	0.798444	0.545686	-0.213491
-10.824234	-0.439512	0.087918	-0.140142	0.798141	0.545866	-0.212982
-10.824034	-0.440012	0.088018	-0.141958	0.797833	0.546045	-0.212475
-10.823834	-0.440512	0.088118	-0.143774	0.797520	0.546222	-0.211970
-10.823634	-0.441012	0.088218	-0.145591	0.797203	0.546399	-0.211467
-10.823434	-0.441512	0.088318	-0.147408	0.796882	0.546575	-0.210965
-10.823234	-0.442012	0.088418	-0.149226	0.796556	0.546750	-0.210464
-10.823034	-0.442513	0.088518	-0.151044	0.796225	0.546924	-0.209966
-10.822834	-0.443013	0.088618	-0.152863	0.795889	0.547097	-0.209469
-10.822634	-0.443513	0.088718	-0.154682	0.795550	0.547270	-0.208973
-10.822434	-0.444013	0.088818	-0.156502	0.795205	0.547441	-0.208480
-10.822234	-0.444513	0.088918	-0.158322	0.794856	0.547612	-0.207988
-10.822034	-0.445013	0.089018	-0.160143	0.794502	0.547782	-0.207498
-10.821834	-0.445513	0.089118	-0.161964	0.794144	0.547951	-0.207009
-10.821634	-0.446013	0.089218	-0.163785	0.793781	0.548119	-0.206523
-10.821434	-0.446513	0.089318	-0.165607	0.793413	0.548286	-0.206038
-10.821234	-0.447013	0.089418	-0.167430	0.793041	0.548453	-0.205554
-10.821034	-0.447513	0.089518	-0.169252	0.792665	0.548618	-0.205073
-10.820834	-0.448013	0.089618	-0.171075	0.792283	0.548783	-0.204593
-10.820634	-0.448513	0.089718	-0.172899	0.791897	0.548947	-0.204114
-10.820434	-0.449013	0.089818	-0.174723	0.791506	0.549110	-0.203638
-10.820234	-0.449513	0.089918	-0.176547	0.791111	0.549272	-0.203163
-10.820034	-0.450013	0.090018	-0.178371	0.790711	0.549433	-0.202690
-10.819835	-0.450513	0.090118	-0.180196	0.790306	0.549594	-0.202219
-10.819635	-0.451013	0.090218	-0.182021	0.789897	0.549753	-0.201750
-10.819435	-0.451513	0.090318	-0.183846	0.789483	0.549912	-0.201282
-10.819235	-0.452013	0.090418	-0.185671	0.789064	0.550070	-0.200816
-10.819035	-0.452513	0.090518	-0.187497	0.788640	0.550227	-0.200352
-10.818835	-0.453013	0.090618	-0.189323	0.788212	0.550384	-0.199889
-10.818635	-0.453513	0.090718	-0.191149	0.787780	0.550539	-0.199429
-10.818435	-0.454013	0.090818	-0.192976	0.787342	0.550694	-0.198970
-10.818235	-0.454514	0.090918	-0.194803	0.786900	0.550848	-0.198512
-10.818035	-0.455014	0.091018	-0.196630	0.786453	0.551001	-0.198057
-10.817835	-0.455514	0.091118	-0.198457	0.786001	0.551154	-0.197604
-10.817635	-0.456014	0.091218	-0.200284	0.785544	0.551305	-0.197152
-10.817435	-0.456514	0.091318	-0.202111	0.785083	0.551456	-0.196702
-10.817235	-0.457014	0.091418	-0.203939	0.784617	0.551606	-0.196254
-10.817035	-0.457514	0.091518	-0.205766	0.784147	0.551755	-0.195807
-10.816835	-0.458014	0.091618	-0.207594	0.783671	0.551904	-0.195363
-10.816635	-0.458514	0.091719	-0.209422	0.783191	0.552051	-0.194920
-10.816435	-0.459014	0.091819	-0.211250	0.782706	0.552198	-0.194479
-10.816235	-0.459514	0.091919	-0.213078	0.782216	0.552345	-0.194040
-10.816035	-0.460014	0.092019	-0.214906	0.781721	0.552490	-0.193603
-10.815835	-0.460514	0.092119	-0.216734	0.781222	0.552634	-0.193167
-10.815635	-0.461014	0.092219	-0.218562	0.780718	0.552778	-0.192734
-10.815435	-0.461514	0.092319	-0.220390	0.780209	0.552921	-0.192302
-10.815235	-0.462014	0.092419	-0.222218	0.779695	0.553064	-0.191872
-10.815035	-0.462514	0.092519	-0.224046	0.779177	0.553205	-0.191444
-10.814835	-0.463014	0.092619	-0.225874	0.778653	0.553346	-0.191017
-10.814635	-0.463514	0.092719	-0.227702	0.778125	0.553486	-0.190593
-10.814435	-0.464014	0.092819	-0.229530	0.777592	0.553626	-0.190170
-10.814235	-0.464514	0.092919	-0.231358	0.777055	0.553764	-0.189750
-10.814035	-0.465014	0.093019	-0.233186	0.776512	0.553902	-0.189331
-10.813835	-0.465514	0.093119	-0.235013	0.775964	0.554039	-0.188914
-10.813635	-0.466015	0.093219	-0.236841	0.775412	0.554176	-0.188499
-10.813435	-0.466515	0.093319	-0.238668	0.774855	0.554312	-0.188086
-10.813235	-0.467015	0.093419	-0.240496	0.774293	0.554447	-0.187674
-10.813035	-0.467515	0.093519	-0.242323	0.773726	0.554581	-0.187265
-10.812835	-0.468015	0.093619	-0.244150	0.773154	0.554715	-0.186857
-10.812635	-0.468515	0.093719	-0.245976	0.772577	0.554847	-0.186451
-10.812435	-0.469015	0.093819	-0.247803	0.771996	0.554980	-0.186048
-10.812235	-0.469515	0.093919	-0.249629	0.771410	0.555111	-0.185646
-10.812035	-0.470015	0.094019	-0.251455	0.770818	0.555242	-0.185246
-10.811835	-0.470515	0.094119	-0.253281	0.770222	0.555372	-0.184847
-10.811635	-0.471015	0.094219	-0.255107	0.769621	0.555501	-0.184451
-10.811435	-0.471515	0.094319	-0.256932	0.769015	0.555630	-0.184057
-10.811235	-0.472015	0.094419	-0.258757	0.768404	0.555758	-0.183664
-10.811035	-0.472515	0.094519	-0.260582	0.767788	0.555886	-0.183274
-10.810835	-0.473015	0.094619	-0.262406	0.767168	0.556012	-0.182885
-10.810635	-0.473515	0.094719	-0.264230	0.766542	0.556138	-0.182499
-10.810435	-0.474015	0.094819	-0.266054	0.765912	0.556264	-0.182114
-10.810235	-0.474515	0.094919	-0.267877	0.765276	0.556388	-0.181731
-10.810035	-0.475015	0.095019	-0.269700	0.764636	0.556513	-0.181350
-10.809835	-0.475515	0.095119	-0.271523	0.763990	0.556636	-0.180971
-10.809635	-0.476015	0.095219	-0.273345	0.763340	0.556759	-0.180594
-10.809435	-0.476515	0.095319	-0.275167	0.762685	0.556881	-0.180219
-10.809235	-0.477015	0.095419	-0.276988	0.762025	0.557002	-0.179846
-10.809035	-0.477515	0.095519	-0.278809	0.761360	0.557123	-0.179475
-10.808835	-0.478016	0.095619	-0.280629	0.760690	0.557243	-0.179105
-10.808635	-0.478516	0.095719	-0.282449	0.760015	0.557363	-0.178738
-10.808435	-0.479016	0.095819	-0.284268	0.759335	0.557482	-0.178373
-10.808235	-0.479516	0.095919	-0.286087	0.758650	0.557600	-0.178009
-10.808035	-0.480016	0.096019	-0.287905	0.757960	0.557718	-0.177648
-10.807835	-0.480516	0.096119	-0.289723	0.757265	0.557835	-0.177288
-10.807635	-0.481016	0.096219	-0.291540	0.756565	0.557951	-0.176931
-10.807435	-0.481516	0.096319	-0.293356	0.755860	0.558067	-0.176575
-10.807235	-0.482016	0.096419	-0.295172	0.755150	0.558182	-0.176221
-10.807035	-0.482516	0.096520	-0.296987	0.754436	0.558297	-0.175870
-10.806835	-0.483016	0.096620	-0.298802	0.753716	0.558411	-0.175520
-10.806635	-0.483516	0.096720	-0.300616	0.752991	0.558524	-0.175172
-10.806435	-0.484016	0.096820	-0.302429	0.752261	0.558637	-0.174827
-10.806235	-0.484516	0.096920	-0.304242	0.751526	0.558750	-0.174483
-10.806035	-0.485016	0.097020	-0.306053	0.750786	0.558861	-0.174141
-10.805835	-0.485516	0.097120	-0.307865	0.750042	0.558972	-0.173802
-10.805635	-0.486016	0.097220	-0.309675	0.749292	0.559083	-0.173464
-10.805435	-0.486516	0.097320	-0.311485	0.748537	0.559193	-0.173128
-10.805235	-0.487016	0.097420	-0.313293	0.747777	0.559302	-0.172794
-10.805035	-0.487516	0.097520	-0.315102	0.747012	0.559411	-0.172462
-10.804835	-0.488016	0.097620	-0.316909	0.746242	0.559519	-0.172133
-10.804635	-0.488516	0.097720	-0.318715	0.745467	0.559627	-0.171805
-10.804435	-0.489016	0.097820	-0.320521	0.744687	0.559734	-0.171479
-10.804235	-0.489517	0.097920	-0.322326	0.743902	0.559841	-0.171155
-10.804035	-0.490017	0.098020	-0.324129	0.743112	0.559947	-0.170833
-10.803835	-0.490517	0.098120	-0.325932	0.742317	0.560053	-0.170514
-10.803635	-0.491017	0.098220	-0.327734	0.741517	0.560158	-0.170196
-10.803435	-0.491517	0.098320	-0.329535	0.740711	0.560262	-0.169880
-10.803235	-0.492017	0.098420	-0.331336	0.739901	0.560366	-0.169566
-10.803035	-0.492517	0.098520	-0.333135	0.739086	0.560469	-0.169255
-10.802835	-0.493017	0.098620	-0.334933	0.738266	0.560572	-0.168945
-10.802635	-0.493517	0.098720	-0.336730	0.737440	0.560675	-0.168637
-10.802435	-0.494017	0.098820	-0.338526	0.736610	0.560777	-0.168331
-10.802235	-0.494517	0.098920	-0.340322	0.735774	0.560878	-0.168028
-10.802035	-0.495017	0.099020	-0.342116	0.734933	0.560979	-0.167726
-10.801835	-0.495517	0.099120	-0.343909	0.734088	0.561079	-0.167427
-10.801635	-0.496017	0.099220	-0.345701	0.733237	0.561179	-0.167129
-10.801435	-0.496517	0.099320	-0.347492	0.732381	0.561279	-0.166833
-10.801235	-0.497017	0.099420	-0.349281	0.731520	0.561378	-0.166540
-10.801035	-0.497517	0.099520	-0.351070	0.730654	0.561476	-0.166248
-10.800835	-0.498017	0.099620	-0.352857	0.729783	0.561574	-0.165959
-10.800635	-0.498517	0.099720	-0.354644	0.728907	0.561672	-0.165672
-10.800435	-0.499017	0.099820	-0.356429	0.728026	0.561769	-0.165386
-10.800235	-0.499517	0.099920	-0.358213	0.727140	0.561865	-0.165103
-10.800035	-0.500017	0.100020	-0.359995	0.726248	0.561961	-0.164822
-10.799835	-0.500517	0.100120	-0.361777	0.725352	0.562057	-0.164542
