cx	cy	cz	q_scalar	q_x	q_y	q_z
-10.799835	-0.500517	0.100120	0.363555	-0.724452	-0.562152	0.164266
-10.799635	-0.501017	0.100220	0.365332	-0.723546	-0.562246	0.163992
-10.799435	-0.501518	0.100320	0.367107	-0.722635	-0.562340	0.163720
-10.799235	-0.502018	0.100420	0.368882	-0.721719	-0.562434	0.163450
-10.799035	-0.502518	0.100520	0.370655	-0.720799	-0.562527	0.163181
-10.798835	-0.503018	0.100620	0.372426	-0.719873	-0.562619	0.162915
-10.798635	-0.503518	0.100720	0.374196	-0.718942	-0.562712	0.162651
-10.798435	-0.504018	0.100820	0.375965	-0.718005	-0.562804	0.162389
-10.798235	-0.504518	0.100920	0.377733	-0.717064	-0.562896	0.162129
-10.798035	-0.505018	0.101020	0.379499	-0.716118	-0.562987	0.161871
-10.797835	-0.505518	0.101120	0.381263	-0.715166	-0.563078	0.161615
-10.797635	-0.506018	0.101220	0.383026	-0.714209	-0.563168	0.161361
-10.797435	-0.506518	0.101321	0.384787	-0.713248	-0.563258	0.161109
-10.797235	-0.507018	0.101421	0.386547	-0.712281	-0.563348	0.160860
-10.797035	-0.507518	0.101521	0.388306	-0.711309	-0.563438	0.160612
-10.796835	-0.508018	0.101621	0.390063	-0.710332	-0.563527	0.160366
-10.796635	-0.508518	0.101721	0.391818	-0.709350	-0.563616	0.160122
-10.796435	-0.509018	0.101821	0.393572	-0.708362	-0.563704	0.159880
-10.796235	-0.509518	0.101921	0.395324	-0.707370	-0.563792	0.159641
-10.796035	-0.510018	0.102021	0.397074	-0.706373	-0.563880	0.159403
-10.795835	-0.510518	0.102121	0.398823	-0.705370	-0.563968	0.159167
-10.795635	-0.511018	0.102221	0.400570	-0.704362	-0.564055	0.158933
-10.795435	-0.511518	0.102321	0.402315	-0.703350	-0.564142	0.158702
-10.795235	-0.512018	0.102421	0.404059	-0.702332	-0.564228	0.158472
-10.795035	-0.512518	0.102521	0.405801	-0.701309	-0.564314	0.158245
-10.794835	-0.513019	0.102621	0.407541	-0.700280	-0.564400	0.158019
-10.794636	-0.513519	0.102721	0.409279	-0.699247	-0.564486	0.157796
-10.794436	-0.514019	0.102821	0.411016	-0.698209	-0.564571	0.157574
-10.794236	-0.514519	0.102921	0.412751	-0.697165	-0.564656	0.157355
-10.794036	-0.515019	0.103021	0.414483	-0.696117	-0.564741	0.157137
-10.793836	-0.515519	0.103121	0.416215	-0.695063	-0.564826	0.156922
-10.793636	-0.516019	0.103221	0.417944	-0.694005	-0.564910	0.156709
-10.793436	-0.516519	0.103321	0.419671	-0.692941	-0.564994	0.156497
-10.793236	-0.517019	0.103421	0.421397	-0.691872	-0.565077	0.156288
-10.793036	-0.517519	0.103521	0.423120	-0.690798	-0.565161	0.156081
-10.792836	-0.518019	0.103621	0.424842	-0.689719	-0.565244	0.155875
-10.792636	-0.518519	0.103721	0.426561	-0.688634	-0.565327	0.155672
-10.792436	-0.519019	0.103821	0.428279	-0.687545	-0.565410	0.155471
-10.792236	-0.519519	0.103921	0.429994	-0.686451	-0.565492	0.155272
-10.792036	-0.520019	0.104021	0.431708	-0.685351	-0.565574	0.155075
-10.791836	-0.520519	0.104121	0.433419	-0.684247	-0.565656	0.154880
-10.791636	-0.521019	0.104221	0.435129	-0.683137	-0.565738	0.154686
-10.791436	-0.521519	0.104321	0.436836	-0.682022	-0.565819	0.154495
-10.791236	-0.522019	0.104421	0.438541	-0.680902	-0.565900	0.154306
-10.791036	-0.522519	0.104521	0.440244	-0.679777	-0.565981	0.154119
-10.790836	-0.523019	0.104621	0.441945	-0.678647	-0.566062	0.153934
-10.790636	-0.523519	0.104721	0.443644	-0.677512	-0.566143	0.153751
-10.790436	-0.524019	0.104821	0.445340	-0.676372	-0.566223	0.153570
-10.790236	-0.524519	0.104921	0.447035	-0.675227	-0.566303	0.153391
-10.790036	-0.525020	0.105021	0.448727	-0.674077	-0.566383	0.153214
-10.789836	-0.525520	0.105121	0.450417	-0.672921	-0.566463	0.153039
-10.789636	-0.526020	0.105221	0.452104	-0.671761	-0.566543	0.152866
-10.789436	-0.526520	0.105321	0.453789	-0.670596	-0.566622	0.152695
-10.789236	-0.527020	0.105421	0.455472	-0.669425	-0.566701	0.152526
-10.789036	-0.527520	0.105521	0.457153	-0.668250	-0.566780	0.152359
-10.788836	-0.528020	0.105621	0.458831	-0.667069	-0.566859	0.152195
-10.788636	-0.528520	0.105721	0.460507	-0.665883	-0.566938	0.152032
-10.788436	-0.529020	0.105821	0.462181	-0.664693	-0.567017	0.151871
-10.788236	-0.529520	0.105921	0.463852	-0.663497	-0.567095	0.151712
-10.788036	-0.530020	0.106021	0.465521	-0.662296	-0.567173	0.151555
-10.787836	-0.530520	0.106122	0.467187	-0.661091	-0.567251	0.151400
-10.787636	-0.531020	0.106222	0.468850	-0.659880	-0.567329	0.151247
-10.787436	-0.531520	0.106322	0.470512	-0.658664	-0.567407	0.151096
-10.787236	-0.532020	0.106422	0.472170	-0.657443	-0.567485	0.150947
-10.787036	-0.532520	0.106522	0.473827	-0.656217	-0.567562	0.150800
-10.786836	-0.533020	0.106622	0.475480	-0.654986	-0.567639	0.150655
-10.786636	-0.533520	0.106722	0.477131	-0.653751	-0.567717	0.150512
-10.786436	-0.534020	0.106822	0.478780	-0.652510	-0.567794	0.150371
-10.786236	-0.534520	0.106922	0.480425	-0.651264	-0.567871	0.150232
-10.786036	-0.535020	0.107022	0.482069	-0.650013	-0.567948	0.150095
-10.785836	-0.535520	0.107122	0.483709	-0.648757	-0.568025	0.149960
-10.785636	-0.536020	0.107222	0.485347	-0.647496	-0.568101	0.149827
-10.785436	-0.536521	0.107322	0.486982	-0.646231	-0.568178	0.149696
-10.785236	-0.537021	0.107422	0.488614	-0.644960	-0.568254	0.149566
-10.785036	-0.537521	0.107522	0.490244	-0.643684	-0.568331	0.149439
-10.784836	-0.538021	0.107622	0.491871	-0.642403	-0.568407	0.149314
-10.784636	-0.538521	0.107722	0.493495	-0.641118	-0.568483	0.149191
-10.784436	-0.539021	0.107822	0.495116	-0.639827	-0.568559	0.149069
-10.784236	-0.539521	0.107922	0.496735	-0.638532	-0.568635	0.148950
-10.784036	-0.540021	0.108022	0.498350	-0.637231	-0.568711	0.148833
-10.783836	-0.540521	0.108122	0.499963	-0.635926	-0.568787	0.148717
-10.783636	-0.541021	0.108222	0.501573	-0.634615	-0.568863	0.148604
-10.783436	-0.541521	0.108322	0.503180	-0.633300	-0.568939	0.148492
-10.783236	-0.542021	0.108422	0.504784	-0.631980	-0.569015	0.148382
-10.783036	-0.542521	0.108522	0.506385	-0.630655	-0.569090	0.148275
-10.782836	-0.543021	0.108622	0.507983	-0.629325	-0.569166	0.148169
-10.782636	-0.543521	0.108722	0.509578	-0.627990	-0.569242	0.148065
-10.782436	-0.544021	0.108822	0.511170	-0.626650	-0.569317	0.147963
-10.782236	-0.544521	0.108922	0.512759	-0.625305	-0.569393	0.147863
-10.782036	-0.545021	0.109022	0.514345	-0.623956	-0.569468	0.147765
-10.781836	-0.545521	0.109122	0.515928	-0.622601	-0.569544	0.147669
-10.781636	-0.546021	0.109222	0.517507	-0.621242	-0.569619	0.147575
-10.781436	-0.546521	0.109322	0.519084	-0.619878	-0.569695	0.147483
-10.781236	-0.547021	0.109422	0.520658	-0.618509	-0.569770	0.147392
-10.781036	-0.547521	0.109522	0.522228	-0.617135	-0.569845	0.147304
-10.780836	-0.548021	0.109622	0.523795	-0.615756	-0.569921	0.147217
-10.780636	-0.548522	0.109722	0.525359	-0.614373	-0.569996	0.147132
-10.780436	-0.549022	0.109822	0.526920	-0.612985	-0.570072	0.147050
-10.780236	-0.549522	0.109922	0.528477	-0.611592	-0.570147	0.146969
-10.780036	-0.550022	0.110022	0.530032	-0.610194	-0.570222	0.146890
-10.779836	-0.550522	0.110122	0.531583	-0.608791	-0.570298	0.146813
-10.779636	-0.551022	0.110222	0.533130	-0.607383	-0.570373	0.146737
-10.779436	-0.551522	0.110322	0.534675	-0.605971	-0.570449	0.146664
-10.779236	-0.552022	0.110422	0.536216	-0.604554	-0.570524	0.146592
-10.779036	-0.552522	0.110522	0.537753	-0.603132	-0.570600	0.146523
-10.778836	-0.553022	0.110622	0.539287	-0.601705	-0.570676	0.146455
-10.778636	-0.553522	0.110722	0.540818	-0.600274	-0.570751	0.146389
-10.778436	-0.554022	0.110822	0.542346	-0.598838	-0.570827	0.146325
-10.778236	-0.554522	0.110923	0.543869	-0.597397	-0.570903	0.146263
-10.778036	-0.555022	0.111023	0.545390	-0.595952	-0.570978	0.146202
-10.777836	-0.555522	0.111123	0.546907	-0.594501	-0.571054	0.146144
-10.777636	-0.556022	0.111223	0.548420	-0.593046	-0.571130	0.146087
-10.777436	-0.556522	0.111323	0.549930	-0.591587	-0.571206	0.146032
-10.777236	-0.557022	0.111423	0.551437	-0.590122	-0.571282	0.145979
-10.777036	-0.557522	0.111523	0.552939	-0.588653	-0.571358	0.145928
-10.776836	-0.558022	0.111623	0.554439	-0.587180	-0.571434	0.145879
-10.776636	-0.558522	0.111723	0.555934	-0.585701	-0.571511	0.145831
-10.776436	-0.559022	0.111823	0.557426	-0.584218	-0.571587	0.145786
-10.776236	-0.559522	0.111923	0.558914	-0.582731	-0.571664	0.145742
-10.776036	-0.560023	0.112023	0.560399	-0.581238	-0.571740	0.145699
-10.775836	-0.560523	0.112123	0.561880	-0.579741	-0.571817	0.145659
-10.775636	-0.561023	0.112223	0.563357	-0.578240	-0.571893	0.145621
-10.775436	-0.561523	0.112323	0.564830	-0.576734	-0.571970	0.145584
-10.775236	-0.562023	0.112423	0.566300	-0.575223	-0.572047	0.145549
-10.775036	-0.562523	0.112523	0.567766	-0.573708	-0.572124	0.145516
-10.774836	-0.563023	0.112623	0.569228	-0.572188	-0.572201	0.145484
-10.774636	-0.563523	0.112723	0.570686	-0.570664	-0.572279	0.145454
-10.774436	-0.564023	0.112823	0.572141	-0.569135	-0.572356	0.145427
-10.774236	-0.564523	0.112923	0.573591	-0.567601	-0.572434	0.145400
-10.774036	-0.565023	0.113023	0.575038	-0.566063	-0.572511	0.145376
-10.773836	-0.565523	0.113123	0.576481	-0.564521	-0.572589	0.145353
-10.773636	-0.566023	0.113223	0.577920	-0.562974	-0.572667	0.145332
-10.773436	-0.566523	0.113323	0.579355	-0.561422	-0.572745	0.145313
-10.773236	-0.567023	0.113423	0.580786	-0.559866	-0.572824	0.145296
-10.773036	-0.567523	0.113523	0.582213	-0.558306	-0.572902	0.145280
-10.772836	-0.568023	0.113623	0.583636	-0.556741	-0.572981	0.145266
-10.772636	-0.568523	0.113723	0.585055	-0.555171	-0.573059	0.145254
-10.772436	-0.569023	0.113823	0.586470	-0.553597	-0.573138	0.145243
-10.772236	-0.569523	0.113923	0.587881	-0.552019	-0.573217	0.145234
-10.772036	-0.570023	0.114023	0.589287	-0.550437	-0.573297	0.145227
-10.771836	-0.570523	0.114123	0.590690	-0.548850	-0.573376	0.145222
-10.771636	-0.571023	0.114223	0.592089	-0.547258	-0.573456	0.145218
-10.771436	-0.571524	0.114323	0.593483	-0.545662	-0.573535	0.145216
-10.771236	-0.572024	0.114423	0.594873	-0.544062	-0.573615	0.145215
-10.771036	-0.572524	0.114523	0.596259	-0.542458	-0.573696	0.145216
-10.770836	-0.573024	0.114623	0.597641	-0.540849	-0.573776	0.145219
-10.770636	-0.573524	0.114723	0.599019	-0.539236	-0.573856	0.145224
-10.770436	-0.574024	0.114823	0.600392	-0.537618	-0.573937	0.145230
-10.770236	-0.574524	0.114923	0.601762	-0.535996	-0.574018	0.145238
-10.770036	-0.575024	0.115023	0.603127	-0.534370	-0.574099	0.145247
-10.769836	-0.575524	0.115123	0.604487	-0.532740	-0.574181	0.145258
-10.769636	-0.576024	0.115223	0.605844	-0.531105	-0.574262	0.145271
-10.769436	-0.576524	0.115323	0.607195	-0.529466	-0.574344	0.145285
-10.769237	-0.577024	0.115423	0.608543	-0.527823	-0.574426	0.145301
-10.769037	-0.577524	0.115523	0.609886	-0.526176	-0.574508	0.145319
-10.768837	-0.578024	0.115623	0.611225	-0.524525	-0.574591	0.145338
-10.768637	-0.578524	0.115724	0.612560	-0.522869	-0.574674	0.145358
-10.768437	-0.579024	0.115824	0.613890	-0.521209	-0.574757	0.145381
-10.768237	-0.579524	0.115924	0.615215	-0.519545	-0.574840	0.145405
-10.768037	-0.580024	0.116024	0.616536	-0.517877	-0.574923	0.145430
-10.767837	-0.580524	0.116124	0.617853	-0.516204	-0.575007	0.145457
-10.767637	-0.581024	0.116224	0.619165	-0.514528	-0.575091	0.145486
-10.767437	-0.581524	0.116324	0.620472	-0.512847	-0.575175	0.145516
-10.767237	-0.582024	0.116424	0.621776	-0.511163	-0.575260	0.145547
-10.767037	-0.582524	0.116524	0.623074	-0.509474	-0.575345	0.145580
-10.766837	-0.583024	0.116624	0.624368	-0.507781	-0.575430	0.145615
-10.766637	-0.583525	0.116724	0.625657	-0.506084	-0.575515	0.145651
-10.766437	-0.584025	0.116824	0.626942	-0.504384	-0.575600	0.145689
-10.766237	-0.584525	0.116924	0.628222	-0.502679	-0.575686	0.145728
-10.766037	-0.585025	0.117024	0.629497	-0.500970	-0.575772	0.145769
-10.765837	-0.585525	0.117124	0.630768	-0.499257	-0.575859	0.145811
-10.765637	-0.586025	0.117224	0.632034	-0.497540	-0.575946	0.145855
-10.765437	-0.586525	0.117324	0.633295	-0.495819	-0.576033	0.145900
-10.765237	-0.587025	0.117424	0.634552	-0.494095	-0.576120	0.145947
-10.765037	-0.587525	0.117524	0.635804	-0.492366	-0.576207	0.145995
-10.764837	-0.588025	0.117624	0.637051	-0.490633	-0.576295	0.146044
-10.764637	-0.588525	0.117724	0.638293	-0.488897	-0.576384	0.146095
-10.764437	-0.589025	0.117824	0.639531	-0.487156	-0.576472	0.146148
-10.764237	-0.589525	0.117924	0.640763	-0.485412	-0.576561	0.146202
-10.764037	-0.590025	0.118024	0.641991	-0.483664	-0.576650	0.146257
-10.763837	-0.590525	0.118124	0.643214	-0.481912	-0.576739	0.146314
-10.763637	-0.591025	0.118224	0.644432	-0.480156	-0.576829	0.146372
-10.763437	-0.591525	0.118324	0.645646	-0.478397	-0.576919	0.146432
-10.763237	-0.592025	0.118424	0.646854	-0.476634	-0.577010	0.146493
-10.763037	-0.592525	0.118524	0.648057	-0.474867	-0.577101	0.146555
-10.762837	-0.593025	0.118624	0.649256	-0.473096	-0.577192	0.146619
-10.762637	-0.593525	0.118724	0.650449	-0.471321	-0.577283	0.146684
-10.762437	-0.594025	0.118824	0.651638	-0.469543	-0.577375	0.146750
-10.762237	-0.594525	0.118924	0.652822	-0.467761	-0.577467	0.146818
-10.762037	-0.595026	0.119024	0.654000	-0.465975	-0.577559	0.146887
-10.761837	-0.595526	0.119124	0.655174	-0.464186	-0.577652	0.146957
-10.761637	-0.596026	0.119224	0.656342	-0.462393	-0.577745	0.147029
-10.761437	-0.596526	0.119324	0.657506	-0.460597	-0.577839	0.147102
-10.761237	-0.597026	0.119424	0.658664	-0.458796	-0.577933	0.147177
-10.761037	-0.597526	0.119524	0.659817	-0.456993	-0.578027	0.147253
-10.760837	-0.598026	0.119624	0.660966	-0.455185	-0.578122	0.147330
-10.760637	-0.598526	0.119724	0.662109	-0.453374	-0.578217	0.147408
-10.760437	-0.599026	0.119824	0.663247	-0.451560	-0.578312	0.147488
-10.760237	-0.599526	0.119924	0.664379	-0.449742	-0.578408	0.147568
-10.760037	-0.600026	0.120024	0.665507	-0.447920	-0.578504	0.147651
-10.759837	-0.600526	0.120124	0.666630	-0.446095	-0.578601	0.147734
-10.759637	-0.601026	0.120224	0.667747	-0.444267	-0.578698	0.147819
-10.759437	-0.601526	0.120324	0.668859	-0.442435	-0.578795	0.147904
-10.759237	-0.602026	0.120424	0.669966	-0.440600	-0.578892	0.147992
-10.759037	-0.602526	0.120525	0.671067	-0.438761	-0.578991	0.148080
-10.758837	-0.603026	0.120625	0.672163	-0.436919	-0.579089	0.148169
-10.758637	-0.603526	0.120725	0.673254	-0.435073	-0.579188	0.148260
-10.758437	-0.604026	0.120825	0.674340	-0.433224	-0.579287	0.148352
-10.758237	-0.604526	0.120925	0.675421	-0.431372	-0.579387	0.148445
-10.758037	-0.605026	0.121025	0.676496	-0.429517	-0.579487	0.148539
-10.757837	-0.605526	0.121125	0.677565	-0.427658	-0.579587	0.148635
-10.757637	-0.606026	0.121225	0.678630	-0.425796	-0.579688	0.148732
-10.757437	-0.606526	0.121325	0.679689	-0.423930	-0.579790	0.148829
-10.757237	-0.607027	0.121425	0.680742	-0.422062	-0.579891	0.148928
-10.757037	-0.607527	0.121525	0.681791	-0.420190	-0.579994	0.149028
-10.756837	-0.608027	0.121625	0.682834	-0.418315	-0.580096	0.149129
-10.756637	-0.608527	0.121725	0.683871	-0.416436	-0.580199	0.149232
-10.756437	-0.609027	0.121825	0.684903	-0.414555	-0.580303	0.149335
-10.756237	-0.609527	0.121925	0.685929	-0.412670	-0.580407	0.149440
-10.756037	-0.610027	0.122025	0.686950	-0.410783	-0.580511	0.149545
-10.755837	-0.610527	0.122125	0.687966	-0.408892	-0.580616	0.149652
-10.755637	-0.611027	0.122225	0.688976	-0.406998	-0.580721	0.149759
-10.755437	-0.611527	0.122325	0.689981	-0.405101	-0.580827	0.149868
-10.755237	-0.612027	0.122425	0.690980	-0.403201	-0.580933	0.149978
-10.755037	-0.612527	0.122525	0.691973	-0.401298	-0.581039	0.150089
-10.754837	-0.613027	0.122625	0.692961	-0.399392	-0.581146	0.150201
-10.754637	-0.613527	0.122725	0.693943	-0.397483	-0.581254	0.150314
-10.754437	-0.614027	0.122825	0.694920	-0.395571	-0.581362	0.150427
-10.754237	-0.614527	0.122925	0.695891	-0.393656	-0.581470	0.150542
-10.754037	-0.615027	0.123025	0.696857	-0.391738	-0.581579	0.150658
-10.753837	-0.615527	0.123125	0.697817	-0.389817	-0.581688	0.150775
-10.753637	-0.616027	0.123225	0.698771	-0.387893	-0.581798	0.150893
-10.753437	-0.616527	0.123325	0.699720	-0.385967	-0.581908	0.151012
-10.753237	-0.617027	0.123425	0.700663	-0.384037	-0.582019	0.151132
-10.753037	-0.617527	0.123525	0.701600	-0.382105	-0.582130	0.151252
-10.752837	-0.618027	0.123625	0.702532	-0.380170	-0.582242	0.151374
-10.752637	-0.618528	0.123725	0.703458	-0.378232	-0.582354	0.151497
-10.752437	-0.619028	0.123825	0.704378	-0.376291	-0.582467	0.151620
-10.752237	-0.619528	0.123925	0.705293	-0.374348	-0.582580	0.151744
-10.752037	-0.620028	0.124025	0.706202	-0.372402	-0.582693	0.151870
-10.751837	-0.620528	0.124125	0.707105	-0.370453	-0.582807	0.151996
-10.751637	-0.621028	0.124225	0.708002	-0.368501	-0.582922	0.152123
-10.751437	-0.621528	0.124325	0.708894	-0.366547	-0.583037	0.152251
-10.751237	-0.622028	0.124425	0.709780	-0.364591	-0.583153	0.152380
-10.751037	-0.622528	0.124525	0.710660	-0.362631	-0.583269	0.152509
-10.750837	-0.623028	0.124625	0.711534	-0.360669	-0.583385	0.152640
-10.750637	-0.623528	0.124725	0.712402	-0.358705	-0.583502	0.152771
-10.750437	-0.624028	0.124825	0.713265	-0.356737	-0.583620	0.152903
-10.750237	-0.624528	0.124925	0.714122	-0.354768	-0.583738	0.153036
-10.750037	-0.625028	0.125025	0.714973	-0.352796	-0.583856	0.153170
-10.749837	-0.625528	0.125125	0.715818	-0.350821	-0.583976	0.153304
-10.749637	-0.626028	0.125225	0.716657	-0.348844	-0.584095	0.153439
-10.749437	-0.626528	0.125326	0.717490	-0.346864	-0.584215	0.153575
-10.749237	-0.627028	0.125426	0.718318	-0.344882	-0.584336	0.153712
-10.749037	-0.627528	0.125526	0.719139	-0.342898	-0.584457	0.153850
-10.748837	-0.628028	0.125626	0.719955	-0.340911	-0.584579	0.153988
-10.748637	-0.628528	0.125726	0.720765	-0.338922	-0.584701	0.154127
-10.748437	-0.629028	0.125826	0.721568	-0.336931	-0.584824	0.154267
-10.748237	-0.629528	0.125926	0.722366	-0.334937	-0.584947	0.154407
-10.748037	-0.630028	0.126026	0.723158	-0.332941	-0.585071	0.154548
-10.747837	-0.630529	0.126126	0.723944	-0.330942	-0.585195	0.154690
-10.747637	-0.631029	0.126226	0.724724	-0.328942	-0.585320	0.154832
-10.747437	-0.631529	0.126326	0.725498	-0.326939	-0.585445	0.154975
-10.747237	-0.632029	0.126426	0.726266	-0.324934	-0.585571	0.155119
-10.747037	-0.632529	0.126526	0.727028	-0.322927	-0.585697	0.155264
-10.746837	-0.633029	0.126626	0.727784	-0.320917	-0.585824	0.155409
-10.746637	-0.633529	0.126726	0.728534	-0.318906	-0.585952	0.155554
-10.746437	-0.634029	0.126826	0.729278	-0.316892	-0.586080	0.155701
-10.746237	-0.634529	0.126926	0.730016	-0.314876	-0.586208	0.155848
-10.746037	-0.635029	0.127026	0.730748	-0.312859	-0.586338	0.155995
-10.745837	-0.635529	0.127126	0.731474	-0.310839	-0.586467	0.156143
-10.745637	-0.636029	0.127226	0.732194	-0.308817	-0.586597	0.156292
-10.745437	-0.636529	0.127326	0.732908	-0.306793	-0.586728	0.156441
-10.745237	-0.637029	0.127426	0.733616	-0.304767	-0.586860	0.156591
-10.745037	-0.637529	0.127526	0.734317	-0.302739	-0.586991	0.156741
-10.744837	-0.638029	0.127626	0.735013	-0.300710	-0.587124	0.156892
-10.744637	-0.638529	0.127726	0.735703	-0.298678	-0.587257	0.157043
-10.744437	-0.639029	0.127826	0.736386	-0.296645	-0.587390	0.157195
-10.744237	-0.639529	0.127926	0.737063	-0.294609	-0.587524	0.157347
-10.744037	-0.640029	0.128026	0.737734	-0.292572	-0.587659	0.157500
-10.743838	-0.640529	0.128126	0.738400	-0.290533	-0.587794	0.157653
-10.743638	-0.641029	0.128226	0.739058	-0.288492	-0.587930	0.157807
-10.743438	-0.641529	0.128326	0.739711	-0.286449	-0.588066	0.157961
-10.743238	-0.642030	0.128426	0.740358	-0.284405	-0.588203	0.158116
-10.743038	-0.642530	0.128526	0.740998	-0.282359	-0.588341	0.158271
-10.742838	-0.643030	0.128626	0.741633	-0.280311	-0.588479	0.158427
-10.742638	-0.643530	0.128726	0.742261	-0.278262	-0.588618	0.158582
-10.742438	-0.644030	0.128826	0.742883	-0.276210	-0.588757	0.158739
-10.742238	-0.644530	0.128926	0.743499	-0.274158	-0.588896	0.158895
-10.742038	-0.645030	0.129026	0.744109	-0.272103	-0.589037	0.159053
-10.741838	-0.645530	0.129126	0.744712	-0.270047	-0.589178	0.159210
-10.741638	-0.646030	0.129226	0.745310	-0.267990	-0.589319	0.159368
-10.741438	-0.646530	0.129326	0.745901	-0.265931	-0.589461	0.159526
-10.741238	-0.647030	0.129426	0.746486	-0.263870	-0.589604	0.159685
-10.741038	-0.647530	0.129526	0.747064	-0.261808	-0.589747	0.159843
-10.740838	-0.648030	0.129626	0.747637	-0.259744	-0.589891	0.160003
-10.740638	-0.648530	0.129726	0.748203	-0.257679	-0.590035	0.160162
-10.740438	-0.649030	0.129826	0.748763	-0.255613	-0.590180	0.160322
-10.740238	-0.649530	0.129926	0.749317	-0.253545	-0.590326	0.160482
-10.740038	-0.650030	0.130026	0.749865	-0.251476	-0.590472	0.160642
-10.739838	-0.650530	0.130127	0.750406	-0.249405	-0.590618	0.160803
-10.739638	-0.651030	0.130227	0.750941	-0.247333	-0.590766	0.160964
-10.739438	-0.651530	0.130327	0.751470	-0.245260	-0.590914	0.161125
-10.739238	-0.652030	0.130427	0.751993	-0.243185	-0.591062	0.161286
-10.739038	-0.652530	0.130527	0.752509	-0.241109	-0.591211	0.161448
-10.738838	-0.653030	0.130627	0.753020	-0.239032	-0.591361	0.161609
-10.738638	-0.653530	0.130727	0.753524	-0.236954	-0.591511	0.161771
-10.738438	-0.654031	0.130827	0.754021	-0.234874	-0.591662	0.161933
-10.738238	-0.654531	0.130927	0.754513	-0.232794	-0.591813	0.162096
-10.738038	-0.655031	0.131027	0.754998	-0.230712	-0.591965	0.162258
-10.737838	-0.655531	0.131127	0.755477	-0.228629	-0.592118	0.162421
-10.737638	-0.656031	0.131227	0.755949	-0.226545	-0.592271	0.162584
-10.737438	-0.656531	0.131327	0.756416	-0.224460	-0.592424	0.162747
-10.737238	-0.657031	0.131427	0.756876	-0.222374	-0.592579	0.162910
-10.737038	-0.657531	0.131527	0.757329	-0.220287	-0.592734	0.163073
-10.736838	-0.658031	0.131627	0.757777	-0.218198	-0.592889	0.163236
-10.736638	-0.658531	0.131727	0.758218	-0.216109	-0.593045	0.163399
-10.736438	-0.659031	0.131827	0.758653	-0.214019	-0.593202	0.163563
-10.736238	-0.659531	0.131927	0.759082	-0.211928	-0.593359	0.163726
-10.736038	-0.660031	0.132027	0.759504	-0.209836	-0.593517	0.163890
-10.735838	-0.660531	0.132127	0.759920	-0.207743	-0.593676	0.164054
-10.735638	-0.661031	0.132227	0.760330	-0.205649	-0.593835	0.164217
-10.735438	-0.661531	0.132327	0.760733	-0.203555	-0.593995	0.164381
-10.735238	-0.662031	0.132427	0.761130	-0.201459	-0.594155	0.164545
-10.735038	-0.662531	0.132527	0.761521	-0.199363	-0.594316	0.164708
-10.734838	-0.663031	0.132627	0.761905	-0.197266	-0.594477	0.164872
-10.734638	-0.663531	0.132727	0.762284	-0.195168	-0.594640	0.165036
-10.734438	-0.664031	0.132827	0.762656	-0.193070	-0.594802	0.165199
-10.734238	-0.664531	0.132927	0.763021	-0.190970	-0.594966	0.165363
-10.734038	-0.665031	0.133027	0.763381	-0.188870	-0.595129	0.165527
-10.733838	-0.665532	0.133127	0.763734	-0.186770	-0.595294	0.165690
-10.733638	-0.666032	0.133227	0.764080	-0.184669	-0.595459	0.165854
-10.733438	-0.666532	0.133327	0.764421	-0.182567	-0.595625	0.166017
-10.733238	-0.667032	0.133427	0.764755	-0.180465	-0.595791	0.166180
-10.733038	-0.667532	0.133527	0.765082	-0.178362	-0.595958	0.166343
-10.732838	-0.668032	0.133627	0.765404	-0.176258	-0.596125	0.166507
-10.732638	-0.668532	0.133727	0.765719	-0.174154	-0.596294	0.166670
-10.732438	-0.669032	0.133827	0.766028	-0.172050	-0.596462	0.166832
-10.732238	-0.669532	0.133927	0.766330	-0.169945	-0.596632	0.166995
-10.732038	-0.670032	0.134027	0.766627	-0.167839	-0.596801	0.167158
-10.731838	-0.670532	0.134127	0.766917	-0.165733	-0.596972	0.167320
-10.731638	-0.671032	0.134227	0.767200	-0.163627	-0.597143	0.167482
-10.731438	-0.671532	0.134327	0.767478	-0.161520	-0.597315	0.167644
-10.731238	-0.672032	0.134427	0.767749	-0.159413	-0.597487	0.167806
-10.731038	-0.672532	0.134527	0.768013	-0.157306	-0.597660	0.167968
-10.730838	-0.673032	0.134627	0.768272	-0.155198	-0.597833	0.168129
-10.730638	-0.673532	0.134727	0.768524	-0.153090	-0.598007	0.168290
-10.730438	-0.674032	0.134827	0.768770	-0.150982	-0.598182	0.168451
-10.730238	-0.674532	0.134928	0.769009	-0.148873	-0.598357	0.168612
-10.730038	-0.675032	0.135028	0.769242	-0.146765	-0.598533	0.168773
-10.729838	-0.675532	0.135128	0.769469	-0.144656	-0.598710	0.168933
-10.729638	-0.676032	0.135228	0.769690	-0.142547	-0.598887	0.169093
-10.729438	-0.676532	0.135328	0.769904	-0.140437	-0.599065	0.169252
-10.729238	-0.677032	0.135428	0.770112	-0.138328	-0.599243	0.169412
-10.729038	-0.677533	0.135528	0.770314	-0.136219	-0.599422	0.169571
-10.728838	-0.678033	0.135628	0.770510	-0.134109	-0.599601	0.169730
-10.728638	-0.678533	0.135728	0.770699	-0.131999	-0.599781	0.169888
-10.728438	-0.679033	0.135828	0.770882	-0.129890	-0.599962	0.170046
-10.728238	-0.679533	0.135928	0.771058	-0.127780	-0.600143	0.170204
-10.728038	-0.680033	0.136028	0.771229	-0.125670	-0.600325	0.170361
-10.727838	-0.680533	0.136128	0.771393	-0.123561	-0.600507	0.170518
-10.727638	-0.681033	0.136228	0.771551	-0.121451	-0.600690	0.170675
-10.727438	-0.681533	0.136328	0.771703	-0.119341	-0.600874	0.170831
-10.727238	-0.682033	0.136428	0.771848	-0.117232	-0.601058	0.170987
-10.727038	-0.682533	0.136528	0.771987	-0.115123	-0.601243	0.171142
-10.726838	-0.683033	0.136628	0.772120	-0.113013	-0.601428	0.171297
-10.726638	-0.683533	0.136728	0.772246	-0.110904	-0.601614	0.171452
-10.726438	-0.684033	0.136828	0.772367	-0.108796	-0.601801	0.171606
-10.726238	-0.684533	0.136928	0.772481	-0.106687	-0.601988	0.171759
-10.726038	-0.685033	0.137028	0.772589	-0.104578	-0.602176	0.171913
-10.725838	-0.685533	0.137128	0.772691	-0.102470	-0.602364	0.172065
-10.725638	-0.686033	0.137228	0.772786	-0.100362	-0.602553	0.172218
-10.725438	-0.686533	0.137328	0.772875	-0.098255	-0.602743	0.172369
-10.725238	-0.687033	0.137428	0.772958	-0.096147	-0.602933	0.172521
-10.725038	-0.687533	0.137528	0.773035	-0.094040	-0.603123	0.172671
-10.724838	-0.688033	0.137628	0.773106	-0.091934	-0.603315	0.172822
-10.724638	-0.688533	0.137728	0.773170	-0.089827	-0.603506	0.172971
-10.724438	-0.689034	0.137828	0.773228	-0.087722	-0.603699	0.173121
-10.724238	-0.689534	0.137928	0.773280	-0.085616	-0.603892	0.173269
-10.724038	-0.690034	0.138028	0.773326	-0.083511	-0.604085	0.173417
-10.723838	-0.690534	0.138128	0.773366	-0.081407	-0.604280	0.173565
-10.723638	-0.691034	0.138228	0.773399	-0.079303	-0.604474	0.173712
-10.723438	-0.691534	0.138328	0.773426	-0.077199	-0.604670	0.173858
-10.723238	-0.692034	0.138428	0.773447	-0.075096	-0.604865	0.174004
-10.723038	-0.692534	0.138528	0.773462	-0.072994	-0.605062	0.174149
-10.722838	-0.693034	0.138628	0.773471	-0.070892	-0.605259	0.174294
-10.722638	-0.693534	0.138728	0.773474	-0.068790	-0.605456	0.174438
-10.722438	-0.694034	0.138828	0.773470	-0.066690	-0.605655	0.174581
-10.722238	-0.694534	0.138928	0.773461	-0.064590	-0.605853	0.174723
-10.722038	-0.695034	0.139028	0.773445	-0.062490	-0.606053	0.174865
-10.721838	-0.695534	0.139128	0.773423	-0.060392	-0.606252	0.175007
-10.721638	-0.696034	0.139228	0.773395	-0.058294	-0.606453	0.175147
-10.721438	-0.696534	0.139328	0.773361	-0.056196	-0.606654	0.175287
-10.721238	-0.697034	0.139428	0.773321	-0.054100	-0.606855	0.175427
-10.721038	-0.697534	0.139528	0.773275	-0.052004	-0.607057	0.175565
-10.720838	-0.698034	0.139628	0.773222	-0.049909	-0.607260	0.175703
-10.720638	-0.698534	0.139729	0.773164	-0.047815	-0.607463	0.175840
-10.720438	-0.699034	0.139829	0.773099	-0.045721	-0.607667	0.175977
-10.720238	-0.699534	0.139929	0.773029	-0.043629	-0.607871	0.176112
-10.720038	-0.700034	0.140029	0.772952	-0.041537	-0.608076	0.176247
-10.719838	-0.700535	0.140129	0.772869	-0.039446	-0.608282	0.176381
-10.719638	-0.701035	0.140229	0.772781	-0.037356	-0.608488	0.176515
-10.719438	-0.701535	0.140329	0.772686	-0.035267	-0.608694	0.176647
-10.719238	-0.702035	0.140429	0.772585	-0.033179	-0.608901	0.176779
-10.719038	-0.702535	0.140529	0.772478	-0.031092	-0.609109	0.176910
-10.718838	-0.703035	0.140629	0.772365	-0.029006	-0.609317	0.177040
-10.718639	-0.703535	0.140729	0.772246	-0.026921	-0.609526	0.177170
-10.718439	-0.704035	0.140829	0.772122	-0.024837	-0.609735	0.177298
-10.718239	-0.704535	0.140929	0.771991	-0.022754	-0.609945	0.177426
-10.718039	-0.705035	0.141029	0.771854	-0.020672	-0.610155	0.177553
-10.717839	-0.705535	0.141129	0.771711	-0.018591	-0.610366	0.177679
-10.717639	-0.706035	0.141229	0.771562	-0.016511	-0.610577	0.177804
-10.717439	-0.706535	0.141329	0.771408	-0.014433	-0.610789	0.177929
-10.717239	-0.707035	0.141429	0.771247	-0.012355	-0.611002	0.178052
-10.717039	-0.707535	0.141529	0.771080	-0.010279	-0.611215	0.178175
-10.716839	-0.708035	0.141629	0.770908	-0.008204	-0.611428	0.178297
-10.716639	-0.708535	0.141729	0.770729	-0.006130	-0.611642	0.178418
-10.716439	-0.709035	0.141829	0.770545	-0.004057	-0.611857	0.178537
-10.716239	-0.709535	0.141929	0.770355	-0.001985	-0.612072	0.178656
-10.716039	-0.710035	0.142029	0.770158	0.000085	-0.612287	0.178775
-10.715839	-0.710535	0.142129	0.769956	0.002154	-0.612503	0.178892
-10.715639	-0.711035	0.142229	0.769748	0.004221	-0.612720	0.179008
-10.715439	-0.711535	0.142329	0.769535	0.006288	-0.612937	0.179123
-10.715239	-0.712035	0.142429	0.769315	0.008353	-0.613155	0.179237
-10.715039	-0.712536	0.142529	0.769090	0.010417	-0.613373	0.179351
-10.714839	-0.713036	0.142629	0.768858	0.012479	-0.613591	0.179463
-10.714639	-0.713536	0.142729	0.768621	0.014540	-0.613811	0.179574
-10.714439	-0.714036	0.142829	0.768378	0.016599	-0.614030	0.179685
-10.714239	-0.714536	0.142929	0.768129	0.018657	-0.614250	0.179794
-10.714039	-0.715036	0.143029	0.767875	0.020714	-0.614471	0.179903
-10.713839	-0.715536	0.143129	0.767614	0.022769	-0.614692	0.180010
-10.713639	-0.716036	0.143229	0.767348	0.024823	-0.614914	0.180116
-10.713439	-0.716536	0.143329	0.767076	0.026875	-0.615136	0.180221
-10.713239	-0.717036	0.143429	0.766798	0.028926	-0.615358	0.180326
-10.713039	-0.717536	0.143529	0.766515	0.030975	-0.615582	0.180429
-10.712839	-0.718036	0.143629	0.766226	0.033023	-0.615805	0.180531
-10.712639	-0.718536	0.143729	0.765931	0.035069	-0.616029	0.180632
-10.712439	-0.719036	0.143829	0.765630	0.037113	-0.616254	0.180732
-10.712239	-0.719536	0.143929	0.765324	0.039156	-0.616479	0.180831
-10.712039	-0.720036	0.144029	0.765012	0.041197	-0.616704	0.180929
-10.711839	-0.720536	0.144129	0.764694	0.043237	-0.616930	0.181026
-10.711639	-0.721036	0.144229	0.764371	0.045275	-0.617157	0.181121
-10.711439	-0.721536	0.144329	0.764042	0.047311	-0.617383	0.181216
-10.711239	-0.722036	0.144429	0.763707	0.049345	-0.617611	0.181309
-10.711039	-0.722536	0.144530	0.763367	0.051378	-0.617839	0.181401
-10.710839	-0.723036	0.144630	0.763021	0.053409	-0.618067	0.181492
-10.710639	-0.723536	0.144730	0.762670	0.055439	-0.618296	0.181582
-10.710439	-0.724037	0.144830	0.762312	0.057466	-0.618525	0.181671
-10.710239	-0.724537	0.144930	0.761950	0.059492	-0.618755	0.181759
-10.710039	-0.725037	0.145030	0.761581	0.061516	-0.618985	0.181845
-10.709839	-0.725537	0.145130	0.761207	0.063538	-0.619215	0.181931
-10.709639	-0.726037	0.145230	0.760828	0.065559	-0.619446	0.182015
-10.709439	-0.726537	0.145330	0.760443	0.067577	-0.619678	0.182098
-10.709239	-0.727037	0.145430	0.760052	0.069594	-0.619910	0.182179
-10.709039	-0.727537	0.145530	0.759656	0.071609	-0.620142	0.182260
-10.708839	-0.728037	0.145630	0.759255	0.073622	-0.620375	0.182339
-10.708639	-0.728537	0.145730	0.758848	0.075633	-0.620608	0.182417
-10.708439	-0.729037	0.145830	0.758435	0.077642	-0.620841	0.182494
-10.708239	-0.729537	0.145930	0.758017	0.079649	-0.621075	0.182570
-10.708039	-0.730037	0.146030	0.757593	0.081654	-0.621310	0.182644
-10.707839	-0.730537	0.146130	0.757164	0.083657	-0.621545	0.182717
-10.707639	-0.731037	0.146230	0.756730	0.085658	-0.621780	0.182789
-10.707439	-0.731537	0.146330	0.756290	0.087658	-0.622016	0.182860
-10.707239	-0.732037	0.146430	0.755845	0.089655	-0.622252	0.182929
-10.707039	-0.732537	0.146530	0.755394	0.091650	-0.622488	0.182998
-10.706839	-0.733037	0.146630	0.754938	0.093643	-0.622725	0.183064
-10.706639	-0.733537	0.146730	0.754477	0.095634	-0.622963	0.183130
-10.706439	-0.734037	0.146830	0.754010	0.097623	-0.623200	0.183194
-10.706239	-0.734537	0.146930	0.753538	0.099610	-0.623439	0.183257
-10.706039	-0.735037	0.147030	0.753060	0.101595	-0.623677	0.183319
-10.705839	-0.735537	0.147130	0.752577	0.103577	-0.623916	0.183379
-10.705639	-0.736038	0.147230	0.752089	0.105558	-0.624155	0.183438
-10.705439	-0.736538	0.147330	0.751596	0.107536	-0.624395	0.183496
-10.705239	-0.737038	0.147430	0.751097	0.109512	-0.624635	0.183552
-10.705039	-0.737538	0.147530	0.750593	0.111486	-0.624876	0.183607
-10.704839	-0.738038	0.147630	0.750084	0.113458	-0.625117	0.183661
-10.704639	-0.738538	0.147730	0.749569	0.115427	-0.625358	0.183713
-10.704439	-0.739038	0.147830	0.749049	0.117394	-0.625599	0.183764
-10.704239	-0.739538	0.147930	0.748524	0.119359	-0.625841	0.183813
-10.704039	-0.740038	0.148030	0.747994	0.121322	-0.626084	0.183862
-10.703839	-0.740538	0.148130	0.747459	0.123283	-0.626326	0.183908
-10.703639	-0.741038	0.148230	0.746918	0.125241	-0.626569	0.183954
-10.703439	-0.741538	0.148330	0.746372	0.127197	-0.626813	0.183998
-10.703239	-0.742038	0.148430	0.745821	0.129150	-0.627057	0.184040
-10.703039	-0.742538	0.148530	0.745265	0.131102	-0.627301	0.184082
-10.702839	-0.743038	0.148630	0.744704	0.133051	-0.627545	0.184121
-10.702639	-0.743538	0.148730	0.744138	0.134997	-0.627790	0.184160
-10.702439	-0.744038	0.148830	0.743566	0.136941	-0.628035	0.184197
-10.702239	-0.744538	0.148930	0.742990	0.138883	-0.628281	0.184232
-10.702039	-0.745038	0.149030	0.742408	0.140822	-0.628526	0.184266
-10.701839	-0.745538	0.149130	0.741821	0.142759	-0.628773	0.184299
-10.701639	-0.746038	0.149230	0.741229	0.144694	-0.629019	0.184330
-10.701439	-0.746538	0.149331	0.740633	0.146626	-0.629266	0.184360
-10.701239	-0.747038	0.149431	0.740031	0.148556	-0.629513	0.184388
-10.701039	-0.747539	0.149531	0.739424	0.150483	-0.629760	0.184415
-10.700839	-0.748039	0.149631	0.738812	0.152408	-0.630008	0.184440
-10.700639	-0.748539	0.149731	0.738195	0.154330	-0.630256	0.184464
-10.700439	-0.749039	0.149831	0.737574	0.156250	-0.630505	0.184487
-10.700239	-0.749539	0.149931	0.736947	0.158167	-0.630753	0.184508
-10.700039	-0.750039	0.150031	0.736315	0.160081	-0.631002	0.184527
-10.699839	-0.750539	0.150131	0.735678	0.161994	-0.631251	0.184545
-10.699639	-0.751039	0.150231	0.735037	0.163903	-0.631501	0.184561
-10.699439	-0.751539	0.150331	0.734391	0.165810	-0.631751	0.184576
-10.699239	-0.752039	0.150431	0.733739	0.167715	-0.632001	0.184590
-10.699039	-0.752539	0.150531	0.733083	0.169616	-0.632251	0.184601
-10.698839	-0.753039	0.150631	0.732422	0.171516	-0.632502	0.184612
-10.698639	-0.753539	0.150731	0.731756	0.173412	-0.632753	0.184621
-10.698439	-0.754039	0.150831	0.731085	0.175306	-0.633004	0.184628
-10.698239	-0.754539	0.150931	0.730410	0.177198	-0.633256	0.184634
-10.698039	-0.755039	0.151031	0.729729	0.179086	-0.633508	0.184638
-10.697839	-0.755539	0.151131	0.729044	0.180972	-0.633760	0.184640
-10.697639	-0.756039	0.151231	0.728354	0.182856	-0.634012	0.184642
-10.697439	-0.756539	0.151331	0.727660	0.184736	-0.634265	0.184641
-10.697239	-0.757039	0.151431	0.726960	0.186614	-0.634517	0.184639
-10.697039	-0.757539	0.151531	0.726256	0.188490	-0.634770	0.184635
-10.696839	-0.758039	0.151631	0.725547	0.190362	-0.635024	0.184630
-10.696639	-0.758539	0.151731	0.724834	0.192232	-0.635277	0.184623
-10.696439	-0.759039	0.151831	0.724115	0.194099	-0.635531	0.184615
-10.696239	-0.759540	0.151931	0.723392	0.195964	-0.635785	0.184605
-10.696039	-0.760040	0.152031	0.722665	0.197825	-0.636039	0.184594
-10.695839	-0.760540	0.152131	0.721933	0.199684	-0.636294	0.184581
-10.695639	-0.761040	0.152231	0.721196	0.201540	-0.636548	0.184566
-10.695439	-0.761540	0.152331	0.720454	0.203393	-0.636803	0.184549
-10.695239	-0.762040	0.152431	0.719708	0.205244	-0.637059	0.184531
-10.695039	-0.762540	0.152531	0.718957	0.207091	-0.637314	0.184512
-10.694839	-0.763040	0.152631	0.718202	0.208936	-0.637569	0.184491
-10.694639	-0.763540	0.152731	0.717442	0.210778	-0.637825	0.184468
-10.694439	-0.764040	0.152831	0.716678	0.212617	-0.638081	0.184443
-10.694239	-0.764540	0.152931	0.715909	0.214453	-0.638337	0.184417
-10.694039	-0.765040	0.153031	0.715136	0.216286	-0.638594	0.184390
-10.693839	-0.765540	0.153131	0.714358	0.218117	-0.638850	0.184360
-10.693639	-0.766040	0.153231	0.713575	0.219944	-0.639107	0.184329
-10.693439	-0.766540	0.153331	0.712788	0.221769	-0.639364	0.184296
-10.693240	-0.767040	0.153431	0.711997	0.223591	-0.639621	0.184262
-10.693040	-0.767540	0.153531	0.711201	0.225410	-0.639878	0.184226
-10.692840	-0.768040	0.153631	0.710401	0.227226	-0.640135	0.184189
-10.692640	-0.768540	0.153731	0.709597	0.229039	-0.640393	0.184149
-10.692440	-0.769040	0.153831	0.708788	0.230849	-0.640651	0.184108
-10.692240	-0.769540	0.153931	0.707974	0.232656	-0.640909	0.184065
-10.692040	-0.770040	0.154031	0.707156	0.234460	-0.641167	0.184021
-10.691840	-0.770540	0.154132	0.706334	0.236261	-0.641425	0.183975
-10.691640	-0.771041	0.154232	0.705508	0.238059	-0.641683	0.183927
-10.691440	-0.771541	0.154332	0.704677	0.239854	-0.641942	0.183878
-10.691240	-0.772041	0.154432	0.703842	0.241646	-0.642200	0.183827
-10.691040	-0.772541	0.154532	0.703003	0.243436	-0.642459	0.183774
-10.690840	-0.773041	0.154632	0.702159	0.245222	-0.642718	0.183719
-10.690640	-0.773541	0.154732	0.701311	0.247005	-0.642977	0.183663
-10.690440	-0.774041	0.154832	0.700459	0.248785	-0.643236	0.183605
-10.690240	-0.774541	0.154932	0.699602	0.250562	-0.643495	0.183546
-10.690040	-0.775041	0.155032	0.698742	0.252336	-0.643755	0.183484
-10.689840	-0.775541	0.155132	0.697877	0.254107	-0.644014	0.183421
-10.689640	-0.776041	0.155232	0.697008	0.255874	-0.644274	0.183356
-10.689440	-0.776541	0.155332	0.696135	0.257639	-0.644534	0.183290
-10.689240	-0.777041	0.155432	0.695257	0.259401	-0.644793	0.183222
-10.689040	-0.777541	0.155532	0.694376	0.261159	-0.645053	0.183152
-10.688840	-0.778041	0.155632	0.693490	0.262915	-0.645313	0.183080
-10.688640	-0.778541	0.155732	0.692600	0.264667	-0.645573	0.183006
-10.688440	-0.779041	0.155832	0.691706	0.266416	-0.645833	0.182931
-10.688240	-0.779541	0.155932	0.690808	0.268162	-0.646094	0.182854
-10.688040	-0.780041	0.156032	0.689906	0.269905	-0.646354	0.182775
-10.687840	-0.780541	0.156132	0.689000	0.271645	-0.646614	0.182695
-10.687640	-0.781041	0.156232	0.688090	0.273382	-0.646875	0.182613
-10.687440	-0.781541	0.156332	0.687176	0.275115	-0.647135	0.182529
-10.687240	-0.782041	0.156432	0.686258	0.276846	-0.647396	0.182443
-10.687040	-0.782541	0.156532	0.685336	0.278573	-0.647656	0.182355
-10.686840	-0.783042	0.156632	0.684409	0.280297	-0.647917	0.182266
-10.686640	-0.783542	0.156732	0.683479	0.282018	-0.648178	0.182175
-10.686440	-0.784042	0.156832	0.682545	0.283735	-0.648439	0.182082
-10.686240	-0.784542	0.156932	0.681607	0.285450	-0.648699	0.181988
-10.686040	-0.785042	0.157032	0.680665	0.287161	-0.648960	0.181891
-10.685840	-0.785542	0.157132	0.679719	0.288869	-0.649221	0.181793
-10.685640	-0.786042	0.157232	0.678770	0.290573	-0.649482	0.181693
-10.685440	-0.786542	0.157332	0.677816	0.292275	-0.649743	0.181591
-10.685240	-0.787042	0.157432	0.676858	0.293973	-0.650004	0.181488
-10.685040	-0.787542	0.157532	0.675897	0.295668	-0.650265	0.181382
-10.684840	-0.788042	0.157632	0.674932	0.297360	-0.650526	0.181275
-10.684640	-0.788542	0.157732	0.673963	0.299048	-0.650786	0.181166
-10.684440	-0.789042	0.157832	0.672990	0.300734	-0.651047	0.181055
-10.684240	-0.789542	0.157932	0.672013	0.302416	-0.651308	0.180943
-10.684040	-0.790042	0.158032	0.671033	0.304094	-0.651569	0.180829
-10.683840	-0.790542	0.158132	0.670049	0.305770	-0.651830	0.180712
-10.683640	-0.791042	0.158232	0.669061	0.307442	-0.652091	0.180594
-10.683440	-0.791542	0.158332	0.668069	0.309111	-0.652352	0.180475
-10.683240	-0.792042	0.158432	0.667074	0.310776	-0.652613	0.180353
-10.683040	-0.792542	0.158532	0.666075	0.312438	-0.652874	0.180230
-10.682840	-0.793042	0.158632	0.665072	0.314097	-0.653134	0.180104
-10.682640	-0.793542	0.158732	0.664065	0.315753	-0.653395	0.179977
-10.682440	-0.794042	0.158832	0.663055	0.317405	-0.653656	0.179849
-10.682240	-0.794543	0.158933	0.662042	0.319054	-0.653917	0.179718
-10.682040	-0.795043	0.159033	0.661024	0.320700	-0.654177	0.179585
-10.681840	-0.795543	0.159133	0.660003	0.322342	-0.654438	0.179451
-10.681640	-0.796043	0.159233	0.658979	0.323981	-0.654698	0.179315
-10.681440	-0.796543	0.159333	0.657951	0.325616	-0.654959	0.179177
-10.681240	-0.797043	0.159433	0.656919	0.327249	-0.655219	0.179037
-10.681040	-0.797543	0.159533	0.655883	0.328877	-0.655479	0.178895
-10.680840	-0.798043	0.159633	0.654845	0.330503	-0.655739	0.178752
-10.680640	-0.798543	0.159733	0.653802	0.332125	-0.656000	0.178606
-10.680440	-0.799043	0.159833	0.652756	0.333744	-0.656260	0.178459
-10.680240	-0.799543	0.159933	0.651707	0.335359	-0.656520	0.178310
-10.680040	-0.800043	0.160033	0.650654	0.336971	-0.656779	0.178159
-10.679840	-0.800543	0.160133	0.649598	0.338580	-0.657039	0.178006
-10.679640	-0.801043	0.160233	0.648538	0.340185	-0.657299	0.177852
-10.679440	-0.801543	0.160333	0.647475	0.341786	-0.657558	0.177695
-10.679240	-0.802043	0.160433	0.646408	0.343385	-0.657818	0.177537
-10.679040	-0.802543	0.160533	0.645338	0.344980	-0.658077	0.177377
-10.678840	-0.803043	0.160633	0.644264	0.346571	-0.658336	0.177215
-10.678640	-0.803543	0.160733	0.643187	0.348159	-0.658595	0.177051
-10.678440	-0.804043	0.160833	0.642107	0.349744	-0.658854	0.176885
-10.678240	-0.804543	0.160933	0.641024	0.351325	-0.659113	0.176718
-10.678040	-0.805043	0.161033	0.639937	0.352903	-0.659372	0.176548
-10.677840	-0.805543	0.161133	0.638846	0.354477	-0.659630	0.176377
-10.677640	-0.806043	0.161233	0.637753	0.356048	-0.659889	0.176204
-10.677440	-0.806544	0.161333	0.636656	0.357616	-0.660147	0.176029
-10.677240	-0.807044	0.161433	0.635556	0.359180	-0.660405	0.175852
-10.677040	-0.807544	0.161533	0.634452	0.360740	-0.660663	0.175673
-10.676840	-0.808044	0.161633	0.633346	0.362297	-0.660921	0.175492
-10.676640	-0.808544	0.161733	0.632236	0.363851	-0.661178	0.175310
-10.676440	-0.809044	0.161833	0.631123	0.365401	-0.661436	0.175126
-10.676240	-0.809544	0.161933	0.630006	0.366948	-0.661693	0.174939
-10.676040	-0.810044	0.162033	0.628887	0.368491	-0.661950	0.174751
-10.675840	-0.810544	0.162133	0.627764	0.370031	-0.662207	0.174561
-10.675640	-0.811044	0.162233	0.626638	0.371567	-0.662464	0.174369
-10.675440	-0.811544	0.162333	0.625509	0.373100	-0.662720	0.174176
-10.675240	-0.812044	0.162433	0.624377	0.374629	-0.662976	0.173980
-10.675040	-0.812544	0.162533	0.623241	0.376155	-0.663233	0.173782
-10.674840	-0.813044	0.162633	0.622103	0.377677	-0.663488	0.173583
-10.674640	-0.813544	0.162733	0.620961	0.379196	-0.663744	0.173382
-10.674440	-0.814044	0.162833	0.619817	0.380711	-0.664000	0.173179
-10.674240	-0.814544	0.162933	0.618669	0.382223	-0.664255	0.172974
-10.674040	-0.815044	0.163033	0.617518	0.383731	-0.664510	0.172767
-10.673840	-0.815544	0.163133	0.616365	0.385236	-0.664765	0.172558
-10.673640	-0.816044	0.163233	0.615208	0.386737	-0.665019	0.172347
-10.673440	-0.816544	0.163333	0.614048	0.388235	-0.665273	0.172135
-10.673240	-0.817044	0.163433	0.612885	0.389729	-0.665527	0.171920
-10.673040	-0.817544	0.163533	0.611719	0.391219	-0.665781	0.171704
-10.672840	-0.818045	0.163633	0.610550	0.392707	-0.666035	0.171486
-10.672640	-0.818545	0.163734	0.609379	0.394190	-0.666288	0.171266
-10.672440	-0.819045	0.163834	0.608204	0.395670	-0.666541	0.171044
-10.672240	-0.819545	0.163934	0.607026	0.397147	-0.666794	0.170820
-10.672040	-0.820045	0.164034	0.605846	0.398620	-0.667046	0.170594
-10.671840	-0.820545	0.164134	0.604662	0.400089	-0.667299	0.170367
-10.671640	-0.821045	0.164234	0.603476	0.401555	-0.667551	0.170137
-10.671440	-0.821545	0.164334	0.602287	0.403017	-0.667802	0.169906
-10.671240	-0.822045	0.164434	0.601094	0.404476	-0.668054	0.169672
-10.671040	-0.822545	0.164534	0.599899	0.405931	-0.668305	0.169437
-10.670840	-0.823045	0.164634	0.598702	0.407383	-0.668556	0.169200
-10.670640	-0.823545	0.164734	0.597501	0.408831	-0.668806	0.168961
-10.670440	-0.824045	0.164834	0.596298	0.410276	-0.669056	0.168720
-10.670240	-0.824545	0.164934	0.595091	0.411717	-0.669306	0.168478
-10.670040	-0.825045	0.165034	0.593882	0.413154	-0.669556	0.168233
-10.669840	-0.825545	0.165134	0.592671	0.414588	-0.669805	0.167987
-10.669640	-0.826045	0.165234	0.591456	0.416018	-0.670054	0.167738
-10.669440	-0.826545	0.165334	0.590239	0.417445	-0.670303	0.167488
-10.669240	-0.827045	0.165434	0.589019	0.418868	-0.670551	0.167236
-10.669040	-0.827545	0.165534	0.587796	0.420288	-0.670799	0.166982
-10.668840	-0.828045	0.165634	0.586571	0.421704	-0.671046	0.166726
-10.668640	-0.828545	0.165734	0.585342	0.423116	-0.671294	0.166468
-10.668440	-0.829045	0.165834	0.584112	0.424525	-0.671541	0.166208
-10.668240	-0.829545	0.165934	0.582878	0.425930	-0.671787	0.165947
-10.668040	-0.830046	0.166034	0.581642	0.427332	-0.672033	0.165683
-10.667841	-0.830546	0.166134	0.580403	0.428730	-0.672279	0.165418
-10.667641	-0.831046	0.166234	0.579162	0.430125	-0.672525	0.165151
-10.667441	-0.831546	0.166334	0.577918	0.431516	-0.672770	0.164881
-10.667241	-0.832046	0.166434	0.576672	0.432903	-0.673014	0.164610
-10.667041	-0.832546	0.166534	0.575422	0.434287	-0.673259	0.164337
-10.666841	-0.833046	0.166634	0.574171	0.435667	-0.673503	0.164063
-10.666641	-0.833546	0.166734	0.572916	0.437043	-0.673746	0.163786
-10.666441	-0.834046	0.166834	0.571660	0.438416	-0.673989	0.163507
-10.666241	-0.834546	0.166934	0.570400	0.439786	-0.674232	0.163227
-10.666041	-0.835046	0.167034	0.569138	0.441152	-0.674475	0.162944
-10.665841	-0.835546	0.167134	0.567874	0.442514	-0.674717	0.162660
-10.665641	-0.836046	0.167234	0.566607	0.443872	-0.674958	0.162374
-10.665441	-0.836546	0.167334	0.565338	0.445227	-0.675199	0.162086
-10.665241	-0.837046	0.167434	0.564066	0.446579	-0.675440	0.161796
-10.665041	-0.837546	0.167534	0.562792	0.447926	-0.675680	0.161504
-10.664841	-0.838046	0.167634	0.561515	0.449271	-0.675920	0.161211
-10.664641	-0.838546	0.167734	0.560236	0.450611	-0.676160	0.160915
-10.664441	-0.839046	0.167834	0.558954	0.451948	-0.676399	0.160618
-10.664241	-0.839546	0.167934	0.557670	0.453281	-0.676637	0.160318
-10.664041	-0.840046	0.168034	0.556384	0.454611	-0.676875	0.160017
-10.663841	-0.840546	0.168134	0.555095	0.455937	-0.677113	0.159714
-10.663641	-0.841046	0.168234	0.553804	0.457260	-0.677350	0.159409
-10.663441	-0.841547	0.168334	0.552511	0.458579	-0.677587	0.159103
-10.663241	-0.842047	0.168434	0.551215	0.459894	-0.677823	0.158794
-10.663041	-0.842547	0.168535	0.549917	0.461206	-0.678059	0.158483
-10.662841	-0.843047	0.168635	0.548616	0.462514	-0.678294	0.158171
-10.662641	-0.843547	0.168735	0.547314	0.463818	-0.678529	0.157857
-10.662441	-0.844047	0.168835	0.546009	0.465119	-0.678763	0.157540
-10.662241	-0.844547	0.168935	0.544701	0.466416	-0.678997	0.157222
-10.662041	-0.845047	0.169035	0.543392	0.467710	-0.679231	0.156902
-10.661841	-0.845547	0.169135	0.542080	0.469000	-0.679464	0.156581
-10.661641	-0.846047	0.169235	0.540766	0.470286	-0.679696	0.156257
-10.661441	-0.846547	0.169335	0.539450	0.471569	-0.679928	0.155931
-10.661241	-0.847047	0.169435	0.538131	0.472848	-0.680159	0.155604
-10.661041	-0.847547	0.169535	0.536810	0.474124	-0.680390	0.155275
-10.660841	-0.848047	0.169635	0.535488	0.475396	-0.680621	0.154944
-10.660641	-0.848547	0.169735	0.534163	0.476664	-0.680850	0.154611
-10.660441	-0.849047	0.169835	0.532835	0.477929	-0.681080	0.154276
-10.660241	-0.849547	0.169935	0.531506	0.479190	-0.681309	0.153939
-10.660041	-0.850047	0.170035	0.530174	0.480447	-0.681537	0.153601
-10.659841	-0.850547	0.170135	0.528841	0.481701	-0.681765	0.153260
-10.659641	-0.851047	0.170235	0.527505	0.482951	-0.681992	0.152918
-10.659441	-0.851547	0.170335	0.526167	0.484198	-0.682218	0.152574
-10.659241	-0.852047	0.170435	0.524827	0.485441	-0.682444	0.152228
-10.659041	-0.852547	0.170535	0.523485	0.486680	-0.682670	0.151880
-10.658841	-0.853048	0.170635	0.522141	0.487916	-0.682895	0.151530
-10.658641	-0.853548	0.170735	0.520795	0.489148	-0.683119	0.151179
-10.658441	-0.854048	0.170835	0.519446	0.490377	-0.683343	0.150825
-10.658241	-0.854548	0.170935	0.518096	0.491602	-0.683566	0.150470
-10.658041	-0.855048	0.171035	0.516744	0.492823	-0.683789	0.150113
-10.657841	-0.855548	0.171135	0.515390	0.494040	-0.684011	0.149754
-10.657641	-0.856048	0.171235	0.514033	0.495255	-0.684233	0.149393
-10.657441	-0.856548	0.171335	0.512675	0.496465	-0.684454	0.149031
-10.657241	-0.857048	0.171435	0.511315	0.497672	-0.684674	0.148666
-10.657041	-0.857548	0.171535	0.509952	0.498875	-0.684894	0.148300
-10.656841	-0.858048	0.171635	0.508588	0.500075	-0.685113	0.147932
-10.656641	-0.858548	0.171735	0.507222	0.501271	-0.685331	0.147562
-10.656441	-0.859048	0.171835	0.505854	0.502463	-0.685549	0.147190
-10.656241	-0.859548	0.171935	0.504484	0.503652	-0.685767	0.146816
-10.656041	-0.860048	0.172035	0.503112	0.504837	-0.685983	0.146441
-10.655841	-0.860548	0.172135	0.501738	0.506018	-0.686199	0.146063
-10.655641	-0.861048	0.172235	0.500363	0.507196	-0.686415	0.145684
-10.655441	-0.861548	0.172335	0.498985	0.508370	-0.686630	0.145303
-10.655241	-0.862048	0.172435	0.497606	0.509541	-0.686844	0.144920
-10.655041	-0.862548	0.172535	0.496224	0.510708	-0.687057	0.144536
-10.654841	-0.863048	0.172635	0.494841	0.511872	-0.687270	0.144149
-10.654641	-0.863548	0.172735	0.493456	0.513032	-0.687483	0.143761
-10.654441	-0.864048	0.172835	0.492070	0.514188	-0.687694	0.143371
-10.654241	-0.864548	0.172935	0.490681	0.515340	-0.687905	0.142979
-10.654041	-0.865049	0.173035	0.489291	0.516489	-0.688115	0.142586
-10.653841	-0.865549	0.173135	0.487899	0.517635	-0.688325	0.142190
-10.653641	-0.866049	0.173235	0.486505	0.518777	-0.688534	0.141793
-10.653441	-0.866549	0.173336	0.485109	0.519915	-0.688742	0.141394
-10.653241	-0.867049	0.173436	0.483712	0.521050	-0.688950	0.140993
-10.653041	-0.867549	0.173536	0.482312	0.522181	-0.689157	0.140590
-10.652841	-0.868049	0.173636	0.480912	0.523308	-0.689363	0.140185
-10.652641	-0.868549	0.173736	0.479509	0.524432	-0.689568	0.139779
-10.652441	-0.869049	0.173836	0.478105	0.525552	-0.689773	0.139371
-10.652241	-0.869549	0.173936	0.476699	0.526669	-0.689977	0.138961
-10.652041	-0.870049	0.174036	0.475291	0.527782	-0.690181	0.138549
-10.651841	-0.870549	0.174136	0.473882	0.528891	-0.690383	0.138136
-10.651641	-0.871049	0.174236	0.472471	0.529997	-0.690585	0.137720
-10.651441	-0.871549	0.174336	0.471058	0.531099	-0.690787	0.137303
-10.651241	-0.872049	0.174436	0.469644	0.532198	-0.690987	0.136884
-10.651041	-0.872549	0.174536	0.468228	0.533293	-0.691187	0.136464
-10.650841	-0.873049	0.174636	0.466810	0.534384	-0.691386	0.136041
-10.650641	-0.873549	0.174736	0.465391	0.535472	-0.691584	0.135617
-10.650441	-0.874049	0.174836	0.463970	0.536556	-0.691782	0.135191
-10.650241	-0.874549	0.174936	0.462548	0.537637	-0.691979	0.134763
-10.650041	-0.875049	0.175036	0.461124	0.538714	-0.692175	0.134334
-10.649841	-0.875549	0.175136	0.459698	0.539788	-0.692371	0.133902
-10.649641	-0.876049	0.175236	0.458271	0.540858	-0.692565	0.133469
-10.649441	-0.876550	0.175336	0.456843	0.541924	-0.692759	0.133034
-10.649241	-0.877050	0.175436	0.455412	0.542987	-0.692952	0.132598
-10.649041	-0.877550	0.175536	0.453981	0.544046	-0.693145	0.132159
-10.648841	-0.878050	0.175636	0.452547	0.545102	-0.693336	0.131719
-10.648641	-0.878550	0.175736	0.451113	0.546154	-0.693527	0.131277
-10.648441	-0.879050	0.175836	0.449677	0.547202	-0.693717	0.130834
-10.648241	-0.879550	0.175936	0.448239	0.548247	-0.693906	0.130388
-10.648041	-0.880050	0.176036	0.446800	0.549288	-0.694095	0.129941
-10.647841	-0.880550	0.176136	0.445359	0.550326	-0.694283	0.129492
-10.647641	-0.881050	0.176236	0.443917	0.551360	-0.694469	0.129041
-10.647441	-0.881550	0.176336	0.442474	0.552391	-0.694656	0.128589
-10.647241	-0.882050	0.176436	0.441029	0.553418	-0.694841	0.128135
-10.647041	-0.882550	0.176536	0.439582	0.554441	-0.695025	0.127679
-10.646841	-0.883050	0.176636	0.438134	0.555461	-0.695209	0.127221
-10.646641	-0.883550	0.176736	0.436685	0.556478	-0.695392	0.126762
-10.646441	-0.884050	0.176836	0.435235	0.557491	-0.695574	0.126301
-10.646241	-0.884550	0.176936	0.433783	0.558500	-0.695755	0.125838
-10.646041	-0.885050	0.177036	0.432329	0.559506	-0.695936	0.125374
-10.645841	-0.885550	0.177136	0.430875	0.560508	-0.696115	0.124907
-10.645641	-0.886050	0.177236	0.429419	0.561506	-0.696294	0.124439
-10.645441	-0.886550	0.177336	0.427961	0.562501	-0.696472	0.123970
-10.645241	-0.887050	0.177436	0.426503	0.563493	-0.696649	0.123498
-10.645041	-0.887550	0.177536	0.425042	0.564481	-0.696825	0.123025
-10.644841	-0.888050	0.177636	0.423581	0.565465	-0.697001	0.122550
-10.644641	-0.888551	0.177736	0.422118	0.566446	-0.697175	0.122074
-10.644441	-0.889051	0.177836	0.420654	0.567423	-0.697349	0.121595
-10.644241	-0.889551	0.177936	0.419189	0.568397	-0.697522	0.121115
-10.644041	-0.890051	0.178036	0.417723	0.569367	-0.697693	0.120634
-10.643841	-0.890551	0.178137	0.416255	0.570334	-0.697865	0.120150
-10.643641	-0.891051	0.178237	0.414786	0.571297	-0.698035	0.119665
-10.643441	-0.891551	0.178337	0.413315	0.572257	-0.698204	0.119179
-10.643241	-0.892051	0.178437	0.411844	0.573213	-0.698373	0.118690
-10.643041	-0.892551	0.178537	0.410371	0.574165	-0.698540	0.118200
-10.642841	-0.893051	0.178637	0.408897	0.575114	-0.698707	0.117708
-10.642642	-0.893551	0.178737	0.407422	0.576060	-0.698873	0.117215
-10.642442	-0.894051	0.178837	0.405946	0.577002	-0.699038	0.116719
-10.642242	-0.894551	0.178937	0.404468	0.577940	-0.699202	0.116223
-10.642042	-0.895051	0.179037	0.402989	0.578875	-0.699365	0.115724
-10.641842	-0.895551	0.179137	0.401509	0.579807	-0.699527	0.115224
-10.641642	-0.896051	0.179237	0.400028	0.580735	-0.699688	0.114722
-10.641442	-0.896551	0.179337	0.398546	0.581659	-0.699848	0.114219
-10.641242	-0.897051	0.179437	0.397063	0.582580	-0.700008	0.113713
-10.641042	-0.897551	0.179537	0.395578	0.583497	-0.700166	0.113207
-10.640842	-0.898051	0.179637	0.394092	0.584411	-0.700324	0.112698
-10.640642	-0.898551	0.179737	0.392606	0.585322	-0.700481	0.112188
-10.640442	-0.899051	0.179837	0.391118	0.586229	-0.700636	0.111676
-10.640242	-0.899551	0.179937	0.389629	0.587132	-0.700791	0.111163
-10.640042	-0.900052	0.180037	0.388139	0.588032	-0.700945	0.110648
-10.639842	-0.900552	0.180137	0.386647	0.588928	-0.701098	0.110131
-10.639642	-0.901052	0.180237	0.385155	0.589821	-0.701250	0.109613
-10.639442	-0.901552	0.180337	0.383662	0.590710	-0.701401	0.109093
-10.639242	-0.902052	0.180437	0.382168	0.591596	-0.701551	0.108571
-10.639042	-0.902552	0.180537	0.380672	0.592479	-0.701700	0.108048
-10.638842	-0.903052	0.180637	0.379176	0.593358	-0.701848	0.107523
-10.638642	-0.903552	0.180737	0.377678	0.594233	-0.701996	0.106996
-10.638442	-0.904052	0.180837	0.376180	0.595105	-0.702142	0.106468
-10.638242	-0.904552	0.180937	0.374680	0.595974	-0.702287	0.105938
-10.638042	-0.905052	0.181037	0.373180	0.596839	-0.702431	0.105407
-10.637842	-0.905552	0.181137	0.371679	0.597700	-0.702575	0.104874
-10.637642	-0.906052	0.181237	0.370176	0.598558	-0.702717	0.104340
-10.637442	-0.906552	0.181337	0.368673	0.599413	-0.702858	0.103803
-10.637242	-0.907052	0.181437	0.367168	0.600264	-0.702999	0.103266
-10.637042	-0.907552	0.181537	0.365663	0.601112	-0.703138	0.102726
-10.636842	-0.908052	0.181637	0.364157	0.601956	-0.703276	0.102185
-10.636642	-0.908552	0.181737	0.362649	0.602796	-0.703413	0.101643
-10.636442	-0.909052	0.181837	0.361141	0.603634	-0.703550	0.101099
-10.636242	-0.909552	0.181937	0.359632	0.604468	-0.703685	0.100553
-10.636042	-0.910052	0.182037	0.358122	0.605298	-0.703819	0.100006
-10.635842	-0.910552	0.182137	0.356611	0.606125	-0.703953	0.099457
-10.635642	-0.911052	0.182237	0.355099	0.606948	-0.704085	0.098906
-10.635442	-0.911552	0.182337	0.353587	0.607768	-0.704216	0.098354
-10.635242	-0.912053	0.182437	0.352073	0.608585	-0.704346	0.097801
-10.635042	-0.912553	0.182537	0.350559	0.609398	-0.704476	0.097246
-10.634842	-0.913053	0.182637	0.349043	0.610208	-0.704604	0.096689
-10.634642	-0.913553	0.182737	0.347527	0.611014	-0.704731	0.096131
-10.634442	-0.914053	0.182837	0.346010	0.611817	-0.704857	0.095571
-10.634242	-0.914553	0.182938	0.344492	0.612616	-0.704982	0.095009
-10.634042	-0.915053	0.183038	0.342974	0.613412	-0.705106	0.094446
-10.633842	-0.915553	0.183138	0.341454	0.614205	-0.705229	0.093882
-10.633642	-0.916053	0.183238	0.339934	0.614994	-0.705351	0.093316
-10.633442	-0.916553	0.183338	0.338413	0.615779	-0.705472	0.092748
-10.633242	-0.917053	0.183438	0.336891	0.616562	-0.705591	0.092179
-10.633042	-0.917553	0.183538	0.335368	0.617341	-0.705710	0.091609
-10.632842	-0.918053	0.183638	0.333845	0.618116	-0.705828	0.091036
-10.632642	-0.918553	0.183738	0.332321	0.618888	-0.705944	0.090463
-10.632442	-0.919053	0.183838	0.330796	0.619657	-0.706060	0.089888
-10.632242	-0.919553	0.183938	0.329270	0.620422	-0.706174	0.089311
-10.632042	-0.920053	0.184038	0.327743	0.621184	-0.706287	0.088733
-10.631842	-0.920553	0.184138	0.326216	0.621942	-0.706400	0.088153
-10.631642	-0.921053	0.184238	0.324688	0.622697	-0.706511	0.087572
-10.631442	-0.921553	0.184338	0.323159	0.623448	-0.706621	0.086989
-10.631242	-0.922053	0.184438	0.321630	0.624197	-0.706730	0.086405
-10.631042	-0.922553	0.184538	0.320100	0.624941	-0.706838	0.085819
-10.630842	-0.923053	0.184638	0.318569	0.625683	-0.706944	0.085232
-10.630642	-0.923554	0.184738	0.317037	0.626421	-0.707050	0.084643
-10.630442	-0.924054	0.184838	0.315505	0.627156	-0.707155	0.084053
-10.630242	-0.924554	0.184938	0.313972	0.627887	-0.707258	0.083461
-10.630042	-0.925054	0.185038	0.312438	0.628615	-0.707360	0.082868
-10.629842	-0.925554	0.185138	0.310904	0.629339	-0.707462	0.082273
-10.629642	-0.926054	0.185238	0.309369	0.630060	-0.707562	0.081677
-10.629442	-0.926554	0.185338	0.307834	0.630778	-0.707661	0.081079
-10.629242	-0.927054	0.185438	0.306298	0.631492	-0.707759	0.080480
-10.629042	-0.927554	0.185538	0.304761	0.632203	-0.707855	0.079880
-10.628842	-0.928054	0.185638	0.303223	0.632911	-0.707951	0.079278
-10.628642	-0.928554	0.185738	0.301685	0.633615	-0.708045	0.078674
-10.628442	-0.929054	0.185838	0.300146	0.634316	-0.708138	0.078069
-10.628242	-0.929554	0.185938	0.298607	0.635014	-0.708231	0.077463
-10.628042	-0.930054	0.186038	0.297067	0.635708	-0.708322	0.076855
-10.627842	-0.930554	0.186138	0.295527	0.636399	-0.708411	0.076246
-10.627642	-0.931054	0.186238	0.293986	0.637086	-0.708500	0.075635
-10.627442	-0.931554	0.186338	0.292444	0.637771	-0.708588	0.075023
-10.627242	-0.932054	0.186438	0.290902	0.638451	-0.708674	0.074410
-10.627042	-0.932554	0.186538	0.289359	0.639129	-0.708759	0.073795
-10.626842	-0.933054	0.186638	0.287816	0.639803	-0.708843	0.073178
-10.626642	-0.933554	0.186738	0.286272	0.640474	-0.708926	0.072560
-10.626442	-0.934054	0.186838	0.284728	0.641141	-0.709008	0.071941
-10.626242	-0.934554	0.186938	0.283183	0.641806	-0.709089	0.071321
-10.626042	-0.935054	0.187038	0.281637	0.642466	-0.709168	0.070699
-10.625842	-0.935555	0.187138	0.280091	0.643124	-0.709246	0.070075
-10.625642	-0.936055	0.187238	0.278545	0.643778	-0.709323	0.069450
-10.625442	-0.936555	0.187338	0.276998	0.644429	-0.709399	0.068824
-10.625242	-0.937055	0.187438	0.275451	0.645076	-0.709473	0.068196
-10.625042	-0.937555	0.187538	0.273903	0.645721	-0.709547	0.067567
-10.624842	-0.938055	0.187638	0.272354	0.646362	-0.709619	0.066937
-10.624642	-0.938555	0.187739	0.270805	0.646999	-0.709690	0.066305
-10.624442	-0.939055	0.187839	0.269256	0.647633	-0.709760	0.065672
-10.624242	-0.939555	0.187939	0.267706	0.648264	-0.709829	0.065038
-10.624042	-0.940055	0.188039	0.266156	0.648892	-0.709896	0.064402
-10.623842	-0.940555	0.188139	0.264605	0.649516	-0.709962	0.063764
-10.623642	-0.941055	0.188239	0.263054	0.650138	-0.710027	0.063126
-10.623442	-0.941555	0.188339	0.261503	0.650755	-0.710091	0.062486
-10.623242	-0.942055	0.188439	0.259951	0.651370	-0.710154	0.061844
-10.623042	-0.942555	0.188539	0.258398	0.651981	-0.710215	0.061202
-10.622842	-0.943055	0.188639	0.256846	0.652589	-0.710275	0.060558
-10.622642	-0.943555	0.188739	0.255292	0.653194	-0.710334	0.059912
-10.622442	-0.944055	0.188839	0.253739	0.653795	-0.710392	0.059266
-10.622242	-0.944555	0.188939	0.252185	0.654393	-0.710448	0.058617
-10.622042	-0.945055	0.189039	0.250630	0.654988	-0.710503	0.057968
-10.621842	-0.945555	0.189139	0.249076	0.655580	-0.710557	0.057317
-10.621642	-0.946055	0.189239	0.247521	0.656168	-0.710610	0.056665
-10.621442	-0.946555	0.189339	0.245965	0.656753	-0.710661	0.056012
-10.621242	-0.947056	0.189439	0.244409	0.657335	-0.710711	0.055357
-10.621042	-0.947556	0.189539	0.242853	0.657913	-0.710760	0.054701
-10.620842	-0.948056	0.189639	0.241297	0.658488	-0.710808	0.054044
-10.620642	-0.948556	0.189739	0.239740	0.659060	-0.710855	0.053385
-10.620442	-0.949056	0.189839	0.238183	0.659629	-0.710900	0.052725
-10.620242	-0.949556	0.189939	0.236625	0.660195	-0.710944	0.052064
-10.620042	-0.950056	0.190039	0.235067	0.660757	-0.710986	0.051402
-10.619842	-0.950556	0.190139	0.233509	0.661316	-0.711028	0.050738
-10.619642	-0.951056	0.190239	0.231951	0.661872	-0.711068	0.050073
-10.619442	-0.951556	0.190339	0.230392	0.662424	-0.711107	0.049407
-10.619242	-0.952056	0.190439	0.228833	0.662973	-0.711144	0.048739
-10.619042	-0.952556	0.190539	0.227274	0.663519	-0.711181	0.048070
-10.618842	-0.953056	0.190639	0.225714	0.664062	-0.711216	0.047400
-10.618642	-0.953556	0.190739	0.224155	0.664602	-0.711249	0.046728
-10.618442	-0.954056	0.190839	0.222594	0.665138	-0.711282	0.046056
-10.618242	-0.954556	0.190939	0.221034	0.665671	-0.711313	0.045382
-10.618042	-0.955056	0.191039	0.219474	0.666201	-0.711343	0.044707
-10.617842	-0.955556	0.191139	0.217913	0.666728	-0.711371	0.044030
-10.617642	-0.956056	0.191239	0.216352	0.667251	-0.711399	0.043352
-10.617442	-0.956556	0.191339	0.214790	0.667772	-0.711425	0.042673
-10.617243	-0.957056	0.191439	0.213229	0.668289	-0.711449	0.041993
-10.617043	-0.957556	0.191539	0.211667	0.668803	-0.711473	0.041312
-10.616843	-0.958056	0.191639	0.210105	0.669313	-0.711495	0.040629
-10.616643	-0.958556	0.191739	0.208543	0.669821	-0.711515	0.039945
-10.616443	-0.959057	0.191839	0.206981	0.670325	-0.711535	0.039260
-10.616243	-0.959557	0.191939	0.205418	0.670826	-0.711553	0.038574
-10.616043	-0.960057	0.192039	0.203855	0.671324	-0.711570	0.037886
-10.615843	-0.960557	0.192139	0.202292	0.671819	-0.711585	0.037198
-10.615643	-0.961057	0.192239	0.200729	0.672310	-0.711599	0.036508
-10.615443	-0.961557	0.192339	0.199166	0.672799	-0.711612	0.035817
-10.615243	-0.962057	0.192439	0.197603	0.673284	-0.711624	0.035124
-10.615043	-0.962557	0.192540	0.196039	0.673766	-0.711634	0.034431
-10.614843	-0.963057	0.192640	0.194475	0.674245	-0.711643	0.033736
-10.614643	-0.963557	0.192740	0.192912	0.674720	-0.711650	0.033040
-10.614443	-0.964057	0.192840	0.191348	0.675193	-0.711657	0.032343
-10.614243	-0.964557	0.192940	0.189783	0.675662	-0.711661	0.031645
-10.614043	-0.965057	0.193040	0.188219	0.676128	-0.711665	0.030945
-10.613843	-0.965557	0.193140	0.186655	0.676591	-0.711667	0.030245
-10.613643	-0.966057	0.193240	0.185090	0.677051	-0.711668	0.029543
-10.613443	-0.966557	0.193340	0.183526	0.677507	-0.711667	0.028840
-10.613243	-0.967057	0.193440	0.181961	0.677961	-0.711665	0.028136
-10.613043	-0.967557	0.193540	0.180396	0.678411	-0.711662	0.027431
-10.612843	-0.968057	0.193640	0.178831	0.678858	-0.711658	0.026725
-10.612643	-0.968557	0.193740	0.177266	0.679302	-0.711652	0.026017
-10.612443	-0.969057	0.193840	0.175701	0.679743	-0.711644	0.025308
-10.612243	-0.969557	0.193940	0.174136	0.680181	-0.711636	0.024599
-10.612043	-0.970057	0.194040	0.172571	0.680616	-0.711625	0.023888
-10.611843	-0.970558	0.194140	0.171006	0.681047	-0.711614	0.023176
-10.611643	-0.971058	0.194240	0.169440	0.681476	-0.711601	0.022463
-10.611443	-0.971558	0.194340	0.167875	0.681901	-0.711587	0.021748
-10.611243	-0.972058	0.194440	0.166310	0.682323	-0.711572	0.021033
-10.611043	-0.972558	0.194540	0.164744	0.682742	-0.711555	0.020316
-10.610843	-0.973058	0.194640	0.163179	0.683158	-0.711536	0.019599
-10.610643	-0.973558	0.194740	0.161613	0.683571	-0.711517	0.018880
-10.610443	-0.974058	0.194840	0.160048	0.683980	-0.711496	0.018160
-10.610243	-0.974558	0.194940	0.158482	0.684387	-0.711473	0.017439
-10.610043	-0.975058	0.195040	0.156917	0.684790	-0.711449	0.016717
-10.609843	-0.975558	0.195140	0.155351	0.685190	-0.711424	0.015994
-10.609643	-0.976058	0.195240	0.153786	0.685588	-0.711397	0.015270
-10.609443	-0.976558	0.195340	0.152220	0.685982	-0.711369	0.014545
-10.609243	-0.977058	0.195440	0.150655	0.686373	-0.711340	0.013819
-10.609043	-0.977558	0.195540	0.149089	0.686761	-0.711309	0.013091
-10.608843	-0.978058	0.195640	0.147524	0.687146	-0.711277	0.012363
-10.608643	-0.978558	0.195740	0.145958	0.687527	-0.711243	0.011633
-10.608443	-0.979058	0.195840	0.144393	0.687906	-0.711208	0.010903
-10.608243	-0.979558	0.195940	0.142828	0.688281	-0.711172	0.010171
-10.608043	-0.980058	0.196040	0.141262	0.688654	-0.711134	0.009438
-10.607843	-0.980558	0.196140	0.139697	0.689023	-0.711095	0.008705
-10.607643	-0.981058	0.196240	0.138132	0.689390	-0.711054	0.007970
-10.607443	-0.981558	0.196340	0.136567	0.689753	-0.711012	0.007234
-10.607243	-0.982059	0.196440	0.135002	0.690113	-0.710969	0.006497
-10.607043	-0.982559	0.196540	0.133437	0.690470	-0.710924	0.005760
-10.606843	-0.983059	0.196640	0.131872	0.690824	-0.710877	0.005021
-10.606643	-0.983559	0.196740	0.130307	0.691175	-0.710830	0.004281
-10.606443	-0.984059	0.196840	0.128742	0.691523	-0.710780	0.003540
-10.606243	-0.984559	0.196940	0.127178	0.691868	-0.710730	0.002798
-10.606043	-0.985059	0.197040	0.125613	0.692210	-0.710678	0.002055
-10.605843	-0.985559	0.197140	0.124049	0.692548	-0.710624	0.001311
-10.605643	-0.986059	0.197240	0.122484	0.692884	-0.710569	0.000567
-10.605443	-0.986559	0.197341	0.120920	0.693217	-0.710513	-0.000179
-10.605243	-0.987059	0.197441	0.119356	0.693546	-0.710455	-0.000926
-10.605043	-0.987559	0.197541	0.117792	0.693873	-0.710396	-0.001674
-10.604843	-0.988059	0.197641	0.116228	0.694197	-0.710335	-0.002423
-10.604643	-0.988559	0.197741	0.114665	0.694517	-0.710273	-0.003173
-10.604443	-0.989059	0.197841	0.113101	0.694834	-0.710210	-0.003923
-10.604243	-0.989559	0.197941	0.111538	0.695149	-0.710145	-0.004675
-10.604043	-0.990059	0.198041	0.109974	0.695460	-0.710078	-0.005428
-10.603843	-0.990559	0.198141	0.108411	0.695769	-0.710010	-0.006181
-10.603643	-0.991059	0.198241	0.106849	0.696074	-0.709941	-0.006936
-10.603443	-0.991559	0.198341	0.105286	0.696376	-0.709870	-0.007692
-10.603243	-0.992059	0.198441	0.103723	0.696676	-0.709798	-0.008448
-10.603043	-0.992559	0.198541	0.102161	0.696972	-0.709724	-0.009205
-10.602843	-0.993059	0.198641	0.100599	0.697265	-0.709649	-0.009964
-10.602643	-0.993559	0.198741	0.099037	0.697556	-0.709572	-0.010723
-10.602443	-0.994060	0.198841	0.097475	0.697843	-0.709494	-0.011483
-10.602243	-0.994560	0.198941	0.095913	0.698127	-0.709415	-0.012245
-10.602043	-0.995060	0.199041	0.094352	0.698408	-0.709334	-0.013007
-10.601843	-0.995560	0.199141	0.092791	0.698687	-0.709251	-0.013770
-10.601643	-0.996060	0.199241	0.091230	0.698962	-0.709167	-0.014533
-10.601443	-0.996560	0.199341	0.089669	0.699234	-0.709082	-0.015298
-10.601243	-0.997060	0.199441	0.088108	0.699503	-0.708995	-0.016064
-10.601043	-0.997560	0.199541	0.086548	0.699770	-0.708907	-0.016831
-10.600843	-0.998060	0.199641	0.084988	0.700033	-0.708817	-0.017598
-10.600643	-0.998560	0.199741	0.083428	0.700293	-0.708725	-0.018366
-10.600443	-0.999060	0.199841	0.081869	0.700551	-0.708633	-0.019136
-10.600243	-0.999560	0.199941	0.080309	0.700805	-0.708538	-0.019906
-10.600043	-1.000060	0.200041	0.078750	0.701056	-0.708442	-0.020677
