wx	wy	wz
0.099996	0.333366	0.033379
0.099875	0.333401	0.033284
0.099756	0.333434	0.033048
0.099634	0.333467	0.032859
0.099520	0.333500	0.032672
0.099400	0.333534	0.032533
0.099285	0.333566	0.032347
0.099167	0.333599	0.032161
0.099053	0.333630	0.031977
0.098937	0.333663	0.031841
0.098822	0.333695	0.031610
0.098707	0.333726	0.031475
0.098597	0.333758	0.031246
0.098484	0.333788	0.031113
0.098370	0.333820	0.030933
0.098262	0.333851	0.030706
0.098146	0.333881	0.030623
0.098039	0.333911	0.030350
0.097931	0.333942	0.030268
0.097820	0.333971	0.029996
0.097716	0.334002	0.029916
0.097604	0.334031	0.029693
0.097497	0.334060	0.029519
0.097395	0.334089	0.029298
0.097283	0.334118	0.029173
0.097182	0.334147	0.029049
0.097078	0.334175	0.028782
0.096973	0.334204	0.028660
0.096871	0.334231	0.028442
0.096767	0.334260	0.028321
0.096666	0.334287	0.028153
0.096567	0.334315	0.027938
0.096462	0.334342	0.027771
0.096364	0.334370	0.027605
0.096263	0.334395	0.027488
0.096165	0.334423	0.027228
0.096067	0.334450	0.027064
0.095967	0.334474	0.026949
0.095876	0.334502	0.026739
0.095773	0.334528	0.026577
0.095683	0.334554	0.026369
0.095586	0.334578	0.026257
0.095490	0.334605	0.026050
0.095398	0.334629	0.025891
0.095304	0.334654	0.025686
0.095211	0.334679	0.025576
0.095122	0.334703	0.025373
0.095023	0.334728	0.025169
0.094938	0.334752	0.025062
0.094846	0.334775	0.024861
0.094755	0.334801	0.024707
0.094670	0.334823	0.024459
0.094581	0.334847	0.024355
0.094489	0.334870	0.024251
0.094406	0.334893	0.023958
0.094318	0.334916	0.023856
0.094232	0.334939	0.023707
0.094144	0.334963	0.023463
0.094064	0.334983	0.023316
0.093977	0.335006	0.023218
0.093893	0.335027	0.022976
0.093813	0.335050	0.022830
0.093732	0.335071	0.022639
0.093645	0.335092	0.022494
0.093565	0.335115	0.022304
0.093486	0.335134	0.022162
0.093407	0.335156	0.021973
0.093326	0.335177	0.021832
0.093249	0.335198	0.021644
0.093168	0.335217	0.021505
0.093094	0.335238	0.021271
0.093016	0.335258	0.021181
0.092938	0.335277	0.020948
0.092865	0.335297	0.020812
0.092789	0.335316	0.020676
0.092712	0.335337	0.020446
0.092642	0.335354	0.020360
0.092566	0.335374	0.020130
0.092497	0.335393	0.019998
0.092424	0.335411	0.019770
0.092348	0.335429	0.019639
0.092279	0.335447	0.019461
0.092209	0.335467	0.019331
0.092143	0.335487	0.019154
0.092072	0.335501	0.018978
0.092005	0.335519	0.018803
0.091933	0.335535	0.018676
0.091869	0.335555	0.018455
0.091800	0.335572	0.018329
0.091739	0.335586	0.018157
0.091666	0.335606	0.018032
0.091607	0.335622	0.017767
0.091538	0.335637	0.017691
0.091478	0.335656	0.017474
0.091415	0.335666	0.017306
0.091352	0.335688	0.017185
0.091288	0.335701	0.017017
0.091229	0.335718	0.016803
0.091167	0.335735	0.016685
0.091107	0.335747	0.016520
0.091051	0.335765	0.016308
0.090989	0.335776	0.016192
0.090931	0.335791	0.016029
0.090871	0.335807	0.015819
0.090816	0.335823	0.015704
0.090760	0.335837	0.015496
0.090706	0.335849	0.015384
0.090648	0.335866	0.015176
0.090591	0.335880	0.015066
0.090539	0.335888	0.014860
0.090486	0.335908	0.014702
0.090432	0.335915	0.014546
0.090383	0.335935	0.014342
0.090327	0.335943	0.014235
0.090276	0.335956	0.014081
0.090226	0.335972	0.013925
0.090177	0.335983	0.013678
0.090131	0.335996	0.013574
0.090076	0.336004	0.013422
0.090030	0.336020	0.013223
0.089982	0.336032	0.013121
0.089940	0.336044	0.012877
0.089889	0.336055	0.012726
0.089841	0.336066	0.012626
0.089798	0.336078	0.012431
0.089756	0.336087	0.012238
0.089709	0.336101	0.012139
0.089663	0.336111	0.011945
0.089624	0.336123	0.011754
0.089578	0.336132	0.011656
0.089542	0.336138	0.011420
0.089495	0.336155	0.011324
0.089455	0.336163	0.011134
0.089420	0.336172	0.010992
0.089375	0.336180	0.010852
0.089342	0.336192	0.010618
0.089299	0.336205	0.010479
0.089259	0.336208	0.010340
0.089228	0.336220	0.010203
0.089189	0.336229	0.010018
0.089154	0.336234	0.009833
0.089119	0.336250	0.009651
0.089079	0.336253	0.009561
0.089050	0.336266	0.009382
0.089018	0.336268	0.009153
0.088981	0.336280	0.009066
0.088951	0.336289	0.008887
0.088913	0.336292	0.008755
0.088891	0.336304	0.008531
0.088856	0.336311	0.008398
0.088825	0.336319	0.008268
0.088798	0.336325	0.008047
0.088765	0.336331	0.007917
0.088741	0.336340	0.007790
0.088712	0.336345	0.007566
0.088686	0.336357	0.007443
0.088657	0.336356	0.007315
0.088633	0.336365	0.007097
0.088608	0.336371	0.006970
0.088582	0.336377	0.006801
0.088552	0.336383	0.006678
0.088538	0.336390	0.006461
0.088508	0.336397	0.006338
0.088490	0.336400	0.006124
0.088468	0.336407	0.006002
0.088443	0.336408	0.005884
0.088426	0.336418	0.005668
0.088406	0.336418	0.005504
0.088380	0.336428	0.005384
0.088365	0.336431	0.005223
0.088352	0.336434	0.005010
0.088327	0.336437	0.004894
0.088312	0.336444	0.004732
0.088294	0.336441	0.004569
0.088281	0.336456	0.004409
0.088262	0.336452	0.004247
0.088250	0.336459	0.004089
0.088234	0.336459	0.003927
0.088220	0.336466	0.003770
0.088205	0.336467	0.003611
0.088202	0.336474	0.003455
0.088178	0.336470	0.003298
0.088172	0.336475	0.003142
0.088161	0.336479	0.002985
0.088152	0.336483	0.002784
0.088139	0.336485	0.002678
0.088131	0.336485	0.002522
0.088123	0.336487	0.002324
0.088118	0.336491	0.002123
0.088105	0.336486	0.002066
0.088102	0.336496	0.001868
0.088094	0.336497	0.001670
0.088091	0.336493	0.001520
0.088083	0.336495	0.001420
0.088080	0.336503	0.001223
0.088073	0.336495	0.001074
0.088076	0.336498	0.000879
0.088067	0.336503	0.000780
0.088069	0.336494	0.000588
0.088060	0.336501	0.000441
0.088070	0.336502	0.000250
0.088060	0.336498	0.000104
0.088066	0.336501	-0.000038
0.088067	0.336504	-0.000229
0.088067	0.336496	-0.000370
0.088067	0.336500	-0.000513
0.088069	0.336496	-0.000704
0.088074	0.336497	-0.000796
0.088083	0.336495	-0.001029
0.088075	0.336495	-0.001123
0.088088	0.336494	-0.001354
0.088093	0.336490	-0.001495
0.088098	0.336491	-0.001630
0.088103	0.336488	-0.001770
0.088114	0.336492	-0.001951
0.088118	0.336484	-0.002137
0.088130	0.336485	-0.002270
0.088132	0.336478	-0.002407
0.088150	0.336480	-0.002588
0.088154	0.336472	-0.002767
0.088168	0.336472	-0.002950
0.088178	0.336470	-0.003079
0.088188	0.336467	-0.003214
0.088205	0.336465	-0.003389
0.088214	0.336460	-0.003524
0.088224	0.336452	-0.003698
0.088247	0.336451	-0.003875
0.088256	0.336452	-0.004054
0.088270	0.336448	-0.004135
0.088287	0.336437	-0.004355
0.088308	0.336439	-0.004530
0.088320	0.336434	-0.004658
0.088337	0.336428	-0.004828
0.088360	0.336419	-0.004957
0.088376	0.336418	-0.005175
0.088394	0.336419	-0.005303
0.088414	0.336408	-0.005424
0.088436	0.336404	-0.005641
0.088455	0.336393	-0.005767
0.088476	0.336397	-0.005934
0.088500	0.336383	-0.006103
0.088525	0.336383	-0.006273
0.088547	0.336377	-0.006392
0.088572	0.336367	-0.006606
0.088595	0.336363	-0.006727
0.088620	0.336359	-0.006893
0.088646	0.336347	-0.007058
0.088669	0.336344	-0.007224
0.088704	0.336336	-0.007389
0.088724	0.336330	-0.007507
0.088755	0.336321	-0.007715
0.088780	0.336312	-0.007834
0.088817	0.336308	-0.008040
0.088840	0.336299	-0.008204
0.088874	0.336295	-0.008319
0.088901	0.336283	-0.008480
0.088941	0.336280	-0.008685
0.088965	0.336266	-0.008848
0.088996	0.336257	-0.008912
0.089033	0.336251	-0.009167
0.089065	0.336244	-0.009277
0.089103	0.336232	-0.009481
0.089142	0.336227	-0.009639
0.089171	0.336213	-0.009794
0.089206	0.336211	-0.009953
0.089244	0.336192	-0.010062
0.089286	0.336188	-0.010262
0.089321	0.336179	-0.010466
0.089359	0.336172	-0.010572
0.089398	0.336158	-0.010728
0.089440	0.336146	-0.010972
0.089480	0.336136	-0.011035
0.089518	0.336127	-0.011231
0.089561	0.336118	-0.011385
0.089603	0.336106	-0.011583
0.089643	0.336092	-0.011734
0.089693	0.336082	-0.011884
0.089730	0.336076	-0.011988
0.089778	0.336063	-0.012229
0.089826	0.336050	-0.012381
0.089864	0.336039	-0.012529
0.089916	0.336023	-0.012676
0.089960	0.336018	-0.012826
0.090007	0.335997	-0.013065
0.090059	0.335993	-0.013118
0.090104	0.335977	-0.013359
0.090155	0.335967	-0.013550
0.090200	0.335949	-0.013603
0.090257	0.335941	-0.013843
0.090307	0.335927	-0.013986
0.090356	0.335911	-0.014177
0.090411	0.335900	-0.014320
0.090461	0.335887	-0.014466
0.090512	0.335874	-0.014653
0.090565	0.335855	-0.014750
0.090627	0.335846	-0.015031
0.090673	0.335827	-0.015078
0.090736	0.335816	-0.015314
0.090793	0.335802	-0.015455
0.090847	0.335787	-0.015598
0.090900	0.335770	-0.015780
0.090967	0.335759	-0.015968
0.091020	0.335741	-0.016150
0.091082	0.335727	-0.016247
0.091137	0.335710	-0.016430
0.091201	0.335694	-0.016612
0.091263	0.335680	-0.016752
0.091320	0.335664	-0.016934
0.091384	0.335648	-0.017120
0.091451	0.335628	-0.017254
0.091509	0.335614	-0.017436
0.091577	0.335599	-0.017572
0.091642	0.335580	-0.017800
0.091704	0.335563	-0.017934
0.091765	0.335545	-0.018068
0.091840	0.335531	-0.018248
0.091905	0.335510	-0.018429
0.091968	0.335495	-0.018562
0.092037	0.335474	-0.018742
0.092112	0.335464	-0.018919
0.092178	0.335434	-0.019052
0.092246	0.335425	-0.019277
0.092323	0.335405	-0.019405
0.092389	0.335383	-0.019586
0.092465	0.335368	-0.019760
0.092530	0.335345	-0.019893
0.092604	0.335327	-0.020068
0.092682	0.335306	-0.020243
0.092753	0.335291	-0.020416
0.092827	0.335266	-0.020547
0.092903	0.335249	-0.020770
0.092984	0.335226	-0.020942
0.093060	0.335212	-0.021069
0.093132	0.335188	-0.021198
0.093213	0.335171	-0.021417
0.093289	0.335145	-0.021590
0.093372	0.335121	-0.021762
0.093450	0.335109	-0.021933
0.093530	0.335085	-0.022060
0.093606	0.335060	-0.022233
0.093693	0.335038	-0.022448
0.093771	0.335019	-0.022575
0.093861	0.334996	-0.022791
0.093938	0.334976	-0.022912
0.094018	0.334949	-0.023085
0.094113	0.334930	-0.023253
0.094190	0.334905	-0.023472
0.094279	0.334885	-0.023546
0.094370	0.334863	-0.023806
0.094449	0.334833	-0.023975
0.094544	0.334815	-0.024097
0.094619	0.334789	-0.024265
0.094717	0.334765	-0.024481
0.094804	0.334741	-0.024599
0.094899	0.334720	-0.024811
0.094984	0.334692	-0.024935
0.095077	0.334667	-0.025142
0.095169	0.334645	-0.025313
0.095260	0.334620	-0.025430
0.095355	0.334589	-0.025690
0.095446	0.334568	-0.025805
0.095540	0.334541	-0.025973
0.095638	0.334515	-0.026182
0.095734	0.334493	-0.026301
0.095832	0.334464	-0.026513
0.095924	0.334439	-0.026673
0.096017	0.334409	-0.026884
0.096120	0.334386	-0.027002
0.096223	0.334356	-0.027210
0.096320	0.334329	-0.027372
0.096416	0.334305	-0.027489
0.096519	0.334279	-0.027744
0.096619	0.334247	-0.027904
0.096716	0.334215	-0.028022
0.096822	0.334191	-0.028229
0.096931	0.334162	-0.028435
0.097026	0.334137	-0.028551
0.097138	0.334105	-0.028757
0.097232	0.334077	-0.028919
0.097346	0.334050	-0.029077
0.097448	0.334017	-0.029332
0.097556	0.333987	-0.029398
0.097665	0.333956	-0.029648
0.097774	0.333933	-0.029808
0.097877	0.333898	-0.029969
0.097990	0.333867	-0.030172
0.098097	0.333835	-0.030285
0.098211	0.333806	-0.030538
0.098314	0.333777	-0.030648
0.098435	0.333742	-0.030898
0.098540	0.333712	-0.030964
0.098663	0.333679	-0.031259
0.098769	0.333651	-0.031371
0.098885	0.333617	-0.031527
0.098997	0.333585	-0.031779
0.099121	0.333551	-0.031934
0.099224	0.333519	-0.032045
0.099343	0.333485	-0.032294
0.099470	0.333452	-0.032450
0.099583	0.333420	-0.032606
0.099700	0.333383	-0.032808
0.099814	0.333352	-0.032964
0.099942	0.333318	-0.033164
0.100058	0.333281	-0.033322
0.100184	0.333252	-0.033521
0.100301	0.333211	-0.033724
0.100423	0.333182	-0.033877
0.100554	0.333145	-0.034032
0.100669	0.333105	-0.034278
0.100796	0.333071	-0.034388
0.100924	0.333038	-0.034589
0.101047	0.333001	-0.034788
0.101168	0.332961	-0.034942
0.101304	0.332925	-0.035186
0.101425	0.332889	-0.035297
0.101553	0.332854	-0.035451
0.101684	0.332816	-0.035694
0.101815	0.332776	-0.035893
0.101942	0.332739	-0.036047
0.102074	0.332705	-0.036200
0.102206	0.332662	-0.036400
0.102337	0.332624	-0.036597
0.102470	0.332588	-0.036796
0.102601	0.332549	-0.036950
0.102733	0.332506	-0.037148
0.102874	0.332465	-0.037346
0.103005	0.332432	-0.037453
0.103145	0.332388	-0.037696
0.103273	0.332347	-0.037849
0.103420	0.332310	-0.038091
0.103553	0.332262	-0.038244
0.103693	0.332229	-0.038395
0.103828	0.332182	-0.038639
0.103974	0.332148	-0.038791
0.104113	0.332099	-0.038988
0.104246	0.332059	-0.039186
0.104390	0.332017	-0.039337
0.104537	0.331974	-0.039535
0.104683	0.331934	-0.039729
0.104823	0.331884	-0.039928
0.104966	0.331845	-0.040125
0.105108	0.331799	-0.040277
0.105258	0.331759	-0.040472
0.105403	0.331714	-0.040671
0.105547	0.331670	-0.040820
0.105699	0.331626	-0.041019
0.105851	0.331579	-0.041258
0.105995	0.331536	-0.041410
0.106140	0.331484	-0.041607
0.106291	0.331442	-0.041759
0.106444	0.331400	-0.042001
0.106597	0.331351	-0.042150
0.106751	0.331303	-0.042391
0.106900	0.331255	-0.042544
0.107052	0.331212	-0.042697
0.107211	0.331164	-0.042935
0.107368	0.331116	-0.043176
0.107516	0.331067	-0.043237
0.107675	0.331020	-0.043525
0.107837	0.330973	-0.043719
0.107984	0.330921	-0.043872
0.108144	0.330871	-0.044068
0.108310	0.330821	-0.044263
0.108465	0.330777	-0.044459
0.108629	0.330725	-0.044656
0.108781	0.330673	-0.044853
0.108946	0.330621	-0.045001
0.109110	0.330571	-0.045245
0.109271	0.330525	-0.045441
0.109438	0.330470	-0.045590
0.109600	0.330416	-0.045833
0.109767	0.330367	-0.046029
0.109932	0.330316	-0.046179
0.110092	0.330262	-0.046421
0.110265	0.330207	-0.046573
0.110427	0.330154	-0.046768
0.110602	0.330101	-0.047010
0.110763	0.330050	-0.047161
0.110939	0.329995	-0.047357
0.111112	0.329938	-0.047602
0.111273	0.329885	-0.047749
0.111452	0.329833	-0.047948
0.111624	0.329773	-0.048189
0.111793	0.329717	-0.048342
0.111969	0.329665	-0.048582
0.112139	0.329606	-0.048735
0.112320	0.329550	-0.048977
0.112497	0.329493	-0.049174
0.112662	0.329437	-0.049281
0.112848	0.329380	-0.049569
0.113023	0.329318	-0.049764
0.113197	0.329261	-0.049962
0.113381	0.329202	-0.050114
0.113569	0.329149	-0.050403
0.113738	0.329088	-0.050552
0.113918	0.329022	-0.050709
0.114103	0.328964	-0.050949
0.114283	0.328910	-0.051193
0.114473	0.328844	-0.051345
0.114658	0.328790	-0.051545
0.114831	0.328721	-0.051742
0.115022	0.328660	-0.051984
0.115211	0.328601	-0.052182
0.115392	0.328538	-0.052336
0.115579	0.328473	-0.052580
0.115770	0.328417	-0.052780
0.115961	0.328349	-0.052977
0.116146	0.328285	-0.053180
0.116340	0.328223	-0.053375
0.116526	0.328155	-0.053617
0.116721	0.328095	-0.053820
0.116913	0.328034	-0.053975
0.117108	0.327961	-0.054264
0.117290	0.327895	-0.054374
0.117498	0.327830	-0.054664
0.117686	0.327767	-0.054817
0.117880	0.327695	-0.055020
0.118077	0.327633	-0.055263
0.118275	0.327563	-0.055419
0.118474	0.327494	-0.055665
0.118676	0.327429	-0.055909
0.118869	0.327361	-0.056022
0.119064	0.327287	-0.056314
0.119270	0.327219	-0.056473
0.119476	0.327152	-0.056714
0.119671	0.327081	-0.056916
0.119881	0.327013	-0.057121
0.120079	0.326940	-0.057321
0.120283	0.326868	-0.057573
0.120483	0.326795	-0.057727
0.120691	0.326724	-0.057972
0.120902	0.326656	-0.058178
0.121111	0.326577	-0.058423
0.121307	0.326505	-0.058586
0.121527	0.326436	-0.058785
0.121730	0.326358	-0.059081
0.121939	0.326285	-0.059238
0.122144	0.326210	-0.059400
0.122366	0.326134	-0.059693
0.122575	0.326060	-0.059896
0.122780	0.325984	-0.060102
0.123000	0.325908	-0.060305
0.123217	0.325831	-0.060513
0.123423	0.325750	-0.060763
0.123644	0.325679	-0.060967
0.123855	0.325596	-0.061174
0.124075	0.325520	-0.061381
0.124295	0.325443	-0.061628
0.124505	0.325363	-0.061796
0.124732	0.325280	-0.062044
0.124947	0.325203	-0.062253
0.125169	0.325119	-0.062500
0.125389	0.325046	-0.062670
0.125612	0.324955	-0.062915
0.125832	0.324880	-0.063128
0.126060	0.324793	-0.063382
0.126276	0.324711	-0.063588
0.126508	0.324636	-0.063799
0.126732	0.324541	-0.064008
0.126956	0.324467	-0.064258
0.127182	0.324379	-0.064426
0.127408	0.324286	-0.064683
0.127632	0.324208	-0.064893
0.127868	0.324121	-0.065099
0.128105	0.324039	-0.065404
0.128330	0.323951	-0.065566
0.128552	0.323863	-0.065737
0.128790	0.323780	-0.066037
0.129029	0.323686	-0.066245
0.129250	0.323597	-0.066462
0.129491	0.323510	-0.066677
0.129721	0.323421	-0.066887
0.129960	0.323330	-0.067188
0.130189	0.323243	-0.067311
0.130437	0.323147	-0.067616
0.130670	0.323065	-0.067788
0.130913	0.322967	-0.068090
0.131144	0.322874	-0.068217
0.131383	0.322782	-0.068478
0.131631	0.322688	-0.068777
0.131866	0.322599	-0.068907
0.132113	0.322506	-0.069169
0.132351	0.322405	-0.069426
0.132598	0.322315	-0.069601
0.132840	0.322214	-0.069906
0.133085	0.322122	-0.070082
0.133334	0.322026	-0.070344
0.133577	0.321931	-0.070560
0.133825	0.321831	-0.070778
0.134070	0.321729	-0.071045
0.134319	0.321637	-0.071218
0.134571	0.321537	-0.071481
0.134816	0.321432	-0.071745
0.135071	0.321337	-0.071922
0.135322	0.321237	-0.072146
0.135577	0.321137	-0.072453
0.135825	0.321033	-0.072628
0.136077	0.320927	-0.072854
0.136335	0.320833	-0.073118
0.136591	0.320720	-0.073383
0.136841	0.320626	-0.073564
0.137104	0.320515	-0.073832
0.137358	0.320416	-0.074058
0.137623	0.320311	-0.074277
0.137874	0.320200	-0.074548
0.138133	0.320095	-0.074777
0.138396	0.319991	-0.074957
0.138656	0.319880	-0.075222
0.138926	0.319781	-0.075540
0.139179	0.319664	-0.075680
0.139444	0.319559	-0.075947
0.139707	0.319444	-0.076222
0.139970	0.319333	-0.076405
0.140233	0.319230	-0.076676
0.140509	0.319117	-0.076950
0.140774	0.319001	-0.077130
0.141040	0.318894	-0.077408
0.141305	0.318782	-0.077639
0.141576	0.318661	-0.077870
0.141851	0.318551	-0.078140
0.142117	0.318442	-0.078334
0.142390	0.318320	-0.078600
0.142655	0.318202	-0.078881
0.142935	0.318094	-0.079072
0.143204	0.317972	-0.079349
0.143488	0.317860	-0.079577
0.143757	0.317739	-0.079860
0.144021	0.317616	-0.080004
0.144312	0.317502	-0.080368
0.144592	0.317377	-0.080567
0.144858	0.317263	-0.080796
0.145141	0.317140	-0.081034
0.145424	0.317015	-0.081317
0.145699	0.316892	-0.081551
0.145986	0.316778	-0.081785
0.146266	0.316645	-0.082073
0.146549	0.316527	-0.082308
0.146831	0.316398	-0.082551
0.147110	0.316279	-0.082784
0.147405	0.316147	-0.083069
0.147678	0.316021	-0.083224
0.147972	0.315895	-0.083551
0.148256	0.315771	-0.083793
0.148549	0.315638	-0.084080
0.148833	0.315510	-0.084272
0.149130	0.315386	-0.084562
0.149411	0.315254	-0.084809
0.149698	0.315111	-0.085047
0.150004	0.314992	-0.085337
0.150288	0.314858	-0.085584
0.150574	0.314719	-0.085781
0.150875	0.314586	-0.086115
0.151169	0.314456	-0.086316
0.151462	0.314322	-0.086567
0.151758	0.314181	-0.086812
0.152052	0.314051	-0.087101
0.152357	0.313912	-0.087349
0.152655	0.313780	-0.087599
0.152950	0.313630	-0.087851
0.153255	0.313499	-0.088142
0.153545	0.313359	-0.088389
0.153852	0.313221	-0.088600
0.154151	0.313073	-0.088889
0.154459	0.312940	-0.089192
0.154758	0.312792	-0.089438
0.155066	0.312649	-0.089651
0.155368	0.312502	-0.089943
0.155670	0.312360	-0.090157
0.155986	0.312218	-0.090498
0.156282	0.312070	-0.090707
0.156593	0.311924	-0.090963
0.156910	0.311778	-0.091259
0.157207	0.311633	-0.091481
0.157530	0.311479	-0.091772
0.157825	0.311328	-0.092032
0.158144	0.311184	-0.092291
0.158463	0.311027	-0.092592
0.158771	0.310884	-0.092807
0.159084	0.310722	-0.093066
0.159393	0.310575	-0.093372
0.159711	0.310420	-0.093589
0.160027	0.310265	-0.093893
0.160345	0.310112	-0.094148
0.160669	0.309955	-0.094461
0.160980	0.309797	-0.094636
0.161305	0.309639	-0.094984
0.161615	0.309485	-0.095203
0.161942	0.309322	-0.095471
0.162262	0.309170	-0.095778
0.162590	0.308997	-0.096042
0.162902	0.308846	-0.096265
0.163229	0.308674	-0.096579
0.163552	0.308512	-0.096840
0.163881	0.308355	-0.097152
0.164195	0.308188	-0.097339
0.164540	0.308029	-0.097692
0.164849	0.307854	-0.097913
0.165189	0.307687	-0.098185
0.165510	0.307526	-0.098460
0.165845	0.307351	-0.098771
0.166169	0.307185	-0.098996
0.166509	0.307017	-0.099271
0.166825	0.306842	-0.099584
0.167167	0.306672	-0.099819
0.167495	0.306502	-0.100136
0.167839	0.306330	-0.100366
0.168173	0.306154	-0.100680
0.168501	0.305980	-0.100958
0.168836	0.305798	-0.101235
0.169171	0.305630	-0.101469
0.169511	0.305448	-0.101784
0.169853	0.305271	-0.102024
0.170183	0.305085	-0.102347
0.170530	0.304918	-0.102620
0.170868	0.304729	-0.102859
0.171207	0.304548	-0.103186
0.171553	0.304372	-0.103460
0.171895	0.304182	-0.103745
0.172232	0.303999	-0.103984
0.172583	0.303810	-0.104304
0.172923	0.303630	-0.104594
0.173263	0.303440	-0.104829
0.173610	0.303254	-0.105117
0.173973	0.303066	-0.105439
0.174303	0.302877	-0.105727
0.174655	0.302687	-0.105976
0.175007	0.302491	-0.106255
0.175354	0.302307	-0.106590
0.175702	0.302107	-0.106784
0.176060	0.301911	-0.107166
0.176402	0.301724	-0.107365
0.176759	0.301527	-0.107698
0.177108	0.301329	-0.107989
0.177462	0.301127	-0.108236
0.177827	0.300933	-0.108607
0.178179	0.300734	-0.108821
0.178531	0.300532	-0.109151
0.178890	0.300333	-0.109400
0.179241	0.300132	-0.109697
0.179596	0.299922	-0.109988
0.179971	0.299721	-0.110323
0.180317	0.299518	-0.110540
0.180680	0.299315	-0.110833
0.181048	0.299104	-0.111168
0.181400	0.298896	-0.111468
0.181761	0.298684	-0.111722
0.182132	0.298484	-0.112021
0.182500	0.298269	-0.112359
0.182837	0.298050	-0.112574
0.183234	0.297846	-0.112914
0.183578	0.297631	-0.113174
0.183959	0.297416	-0.113517
0.184313	0.297198	-0.113780
0.184691	0.296986	-0.114077
0.185049	0.296763	-0.114340
0.185427	0.296546	-0.114723
0.185796	0.296330	-0.114944
0.186151	0.296103	-0.115214
0.186541	0.295885	-0.115593
0.186910	0.295665	-0.115859
0.187276	0.295438	-0.116124
0.187655	0.295217	-0.116473
0.188027	0.294986	-0.116738
0.188393	0.294764	-0.117039
0.188772	0.294534	-0.117314
0.189153	0.294300	-0.117659
0.189530	0.294082	-0.117926
0.189903	0.293847	-0.118236
0.190281	0.293609	-0.118509
0.190659	0.293379	-0.118860
0.191037	0.293148	-0.119132
0.191411	0.292910	-0.119398
0.191808	0.292673	-0.119793
0.192180	0.292444	-0.120024
0.192559	0.292202	-0.120339
0.192940	0.291958	-0.120611
0.193329	0.291718	-0.120968
0.193710	0.291481	-0.121240
0.194092	0.291236	-0.121514
0.194469	0.290991	-0.121876
0.194872	0.290745	-0.122191
0.195251	0.290510	-0.122426
0.195634	0.290252	-0.122783
0.196024	0.290010	-0.123062
0.196415	0.289755	-0.123379
0.196804	0.289515	-0.123702
0.197186	0.289253	-0.123980
0.197577	0.289005	-0.124299
0.197968	0.288755	-0.124581
0.198358	0.288493	-0.124903
0.198762	0.288244	-0.125224
0.199139	0.287982	-0.125545
0.199532	0.287721	-0.125830
0.199944	0.287470	-0.126154
0.200312	0.287201	-0.126434
0.200726	0.286951	-0.126759
0.201114	0.286684	-0.127048
0.201517	0.286417	-0.127375
0.201899	0.286151	-0.127653
0.202308	0.285886	-0.128027
0.202708	0.285622	-0.128309
0.203092	0.285349	-0.128602
0.203499	0.285080	-0.128968
0.203912	0.284811	-0.129257
0.204293	0.284540	-0.129542
0.204704	0.284266	-0.129832
0.205095	0.283994	-0.130167
0.205512	0.283717	-0.130538
0.205907	0.283437	-0.130785
0.206305	0.283157	-0.131120
0.206707	0.282881	-0.131408
0.207117	0.282602	-0.131744
0.207516	0.282321	-0.132072
0.207926	0.282033	-0.132376
0.208336	0.281756	-0.132661
0.208739	0.281466	-0.133001
0.209147	0.281184	-0.133329
0.209555	0.280889	-0.133668
0.209956	0.280606	-0.133927
0.210375	0.280319	-0.134262
0.210774	0.280015	-0.134597
0.211183	0.279731	-0.134901
0.211605	0.279436	-0.135232
0.212003	0.279139	-0.135493
0.212421	0.278843	-0.135869
0.212838	0.278548	-0.136169
0.213249	0.278247	-0.136512
0.213655	0.277941	-0.136812
0.214066	0.277644	-0.137150
0.214482	0.277341	-0.137412
0.214902	0.277036	-0.137752
0.215306	0.276736	-0.138100
0.215736	0.276421	-0.138399
0.216143	0.276117	-0.138741
0.216560	0.275806	-0.139043
0.216976	0.275499	-0.139385
0.217384	0.275181	-0.139651
0.217819	0.274874	-0.140039
0.218227	0.274552	-0.140301
0.218653	0.274242	-0.140650
0.219069	0.273920	-0.140989
0.219492	0.273606	-0.141301
0.219908	0.273284	-0.141646
0.220336	0.272965	-0.141953
0.220747	0.272638	-0.142262
0.221162	0.272315	-0.142568
0.221599	0.271991	-0.142913
0.222023	0.271665	-0.143266
0.222434	0.271332	-0.143575
0.222857	0.271007	-0.143842
0.223295	0.270675	-0.144232
0.223714	0.270344	-0.144545
0.224127	0.270010	-0.144814
0.224559	0.269672	-0.145205
0.224992	0.269334	-0.145517
0.225402	0.269003	-0.145822
0.225847	0.268661	-0.146179
0.226265	0.268319	-0.146493
0.226698	0.267979	-0.146804
0.227117	0.267633	-0.147157
0.227547	0.267294	-0.147429
0.227976	0.266936	-0.147824
0.228406	0.266598	-0.148139
0.228836	0.266254	-0.148413
0.229252	0.265888	-0.148765
0.229703	0.265547	-0.149083
0.230130	0.265197	-0.149479
0.230547	0.264828	-0.149750
0.230995	0.264486	-0.150071
0.231423	0.264120	-0.150422
0.231834	0.263764	-0.150743
0.232286	0.263403	-0.151057
0.232718	0.263041	-0.151411
0.233145	0.262678	-0.151731
0.233578	0.262313	-0.152053
0.234012	0.261946	-0.152368
0.234447	0.261579	-0.152723
0.234890	0.261209	-0.153085
0.235301	0.260831	-0.153326
0.235758	0.260473	-0.153717
0.236188	0.260093	-0.154041
0.236618	0.259709	-0.154358
0.237061	0.259344	-0.154721
0.237489	0.258960	-0.155003
0.237933	0.258581	-0.155355
0.238370	0.258206	-0.155684
0.238800	0.257815	-0.156040
0.239238	0.257433	-0.156319
0.239677	0.257044	-0.156682
0.240125	0.256664	-0.157042
0.240540	0.256271	-0.157323
0.240998	0.255883	-0.157688
0.241425	0.255486	-0.157965
0.241869	0.255093	-0.158368
0.242305	0.254704	-0.158655
0.242762	0.254303	-0.159010
0.243181	0.253909	-0.159339
0.243627	0.253506	-0.159619
0.244059	0.253103	-0.160017
0.244512	0.252701	-0.160345
0.244944	0.252300	-0.160665
0.245395	0.251892	-0.160952
0.245826	0.251484	-0.161351
0.246262	0.251079	-0.161639
0.246715	0.250665	-0.161961
0.247141	0.250251	-0.162322
0.247592	0.249836	-0.162648
0.248052	0.249427	-0.163008
0.248475	0.249012	-0.163334
0.248912	0.248582	-0.163616
0.249357	0.248167	-0.163983
0.249801	0.247750	-0.164305
0.250260	0.247329	-0.164672
0.250677	0.246893	-0.164956
0.251122	0.246471	-0.165313
0.251590	0.246048	-0.165645
0.252004	0.245614	-0.165969
0.252470	0.245185	-0.166330
0.252900	0.244747	-0.166655
0.253349	0.244318	-0.166943
0.253785	0.243878	-0.167342
0.254237	0.243440	-0.167628
0.254660	0.243005	-0.167956
0.255134	0.242564	-0.168317
0.255553	0.242114	-0.168641
0.256012	0.241675	-0.168966
0.256447	0.241225	-0.169288
0.256903	0.240788	-0.169616
0.257343	0.240328	-0.170018
0.257788	0.239882	-0.170299
0.258214	0.239423	-0.170593
0.258682	0.238979	-0.170991
0.259106	0.238514	-0.171276
0.259570	0.238062	-0.171676
0.259997	0.237603	-0.171923
0.260443	0.237136	-0.172329
0.260905	0.236679	-0.172610
0.261326	0.236216	-0.172936
0.261772	0.235739	-0.173297
0.262230	0.235284	-0.173620
0.262673	0.234808	-0.173981
0.263104	0.234337	-0.174269
0.263560	0.233867	-0.174628
0.263999	0.233393	-0.174912
0.264436	0.232913	-0.175315
0.264891	0.232439	-0.175598
0.265329	0.231956	-0.175920
0.265791	0.231481	-0.176317
0.266211	0.230992	-0.176606
0.266661	0.230510	-0.176921
0.267104	0.230024	-0.177253
0.267538	0.229535	-0.177565
0.267994	0.229046	-0.177930
0.268425	0.228552	-0.178252
0.268892	0.228062	-0.178607
0.269322	0.227564	-0.178926
0.269759	0.227070	-0.179246
0.270198	0.226568	-0.179572
0.270648	0.226073	-0.179893
0.271098	0.225572	-0.180245
0.271517	0.225063	-0.180532
0.271980	0.224563	-0.180884
0.272412	0.224053	-0.181204
0.272842	0.223544	-0.181528
0.273314	0.223033	-0.181915
0.273726	0.222521	-0.182163
0.274170	0.222006	-0.182548
0.274637	0.221497	-0.182871
0.275060	0.220974	-0.183188
0.275485	0.220453	-0.183466
0.275946	0.219938	-0.183861
0.276371	0.219409	-0.184133
0.276830	0.218885	-0.184524
0.277245	0.218363	-0.184806
0.277679	0.217829	-0.185122
0.278151	0.217308	-0.185469
0.278565	0.216770	-0.185787
0.279008	0.216241	-0.186098
0.279445	0.215700	-0.186446
0.279883	0.215166	-0.186801
0.280321	0.214631	-0.187075
0.280757	0.214086	-0.187417
0.281191	0.213547	-0.187701
0.281639	0.213002	-0.188084
0.282042	0.212453	-0.188355
0.282515	0.211912	-0.188739
0.282931	0.211358	-0.189012
0.283372	0.210809	-0.189357
0.283798	0.210254	-0.189667
0.284237	0.209701	-0.189976
0.284660	0.209144	-0.190283
0.285097	0.208585	-0.190663
0.285531	0.208027	-0.190934
0.285970	0.207468	-0.191274
0.286383	0.206898	-0.191581
0.286830	0.206340	-0.191885
0.287260	0.205768	-0.192228
0.287689	0.205200	-0.192564
0.288115	0.204628	-0.192871
0.288557	0.204066	-0.193170
0.288964	0.203480	-0.193476
