ang_X
0.099996
0.099875
0.099756
0.099634
0.099520
0.099400
0.099285
0.099167
0.099053
0.098937
0.098822
0.098707
0.098597
0.098484
0.098370
0.098262
0.098146
0.098039
0.097931
0.097820
0.097716
0.097604
0.097497
0.097395
0.097283
0.097182
0.097078
0.096973
0.096871
0.096767
0.096666
0.096567
0.096462
0.096364
0.096263
0.096165
0.096067
0.095967
0.095876
0.095773
0.095683
0.095586
0.095490
0.095398
0.095304
0.095211
0.095122
0.095023
0.094938
0.094846
0.094755
0.094670
0.094581
0.094489
0.094406
0.094318
0.094232
0.094144
0.094064
0.093977
0.093893
0.093813
0.093732
0.093645
0.093565
0.093486
0.093407
0.093326
0.093249
0.093168
0.093094
0.093016
0.092938
0.092865
0.092789
0.092712
0.092642
0.092566
0.092497
0.092424
0.092348
0.092279
0.092209
0.092143
0.092072
0.092005
0.091933
0.091869
0.091800
0.091739
0.091666
0.091607
0.091538
0.091478
0.091415
0.091352
0.091288
0.091229
0.091167
0.091107
0.091051
0.090989
0.090931
0.090871
0.090816
0.090760
0.090706
0.090648
0.090591
0.090539
0.090486
0.090432
0.090383
0.090327
0.090276
0.090226
0.090177
0.090131
0.090076
0.090030
0.089982
0.089940
0.089889
0.089841
0.089798
0.089756
0.089709
0.089663
0.089624
0.089578
0.089542
0.089495
0.089455
0.089420
0.089375
0.089342
0.089299
0.089259
0.089228
0.089189
0.089154
0.089119
0.089079
0.089050
0.089018
0.088981
0.088951
0.088913
0.088891
0.088856
0.088825
0.088798
0.088765
0.088741
0.088712
0.088686
0.088657
0.088633
0.088608
0.088582
0.088552
0.088538
0.088508
0.088490
0.088468
0.088443
0.088426
0.088406
0.088380
0.088365
0.088352
0.088327
0.088312
0.088294
0.088281
0.088262
0.088250
0.088234
0.088220
0.088205
0.088202
0.088178
0.088172
0.088161
0.088152
0.088139
0.088131
0.088123
0.088118
0.088105
0.088102
0.088094
0.088091
0.088083
0.088080
0.088073
0.088076
0.088067
0.088069
0.088060
0.088070
0.088060
0.088066
0.088067
0.088067
0.088067
0.088069
0.088074
0.088083
0.088075
0.088088
0.088093
0.088098
0.088103
0.088114
0.088118
0.088130
0.088132
0.088150
0.088154
0.088168
0.088178
0.088188
0.088205
0.088214
0.088224
0.088247
0.088256
0.088270
0.088287
0.088308
0.088320
0.088337
0.088360
0.088376
0.088394
0.088414
0.088436
0.088455
0.088476
0.088500
0.088525
0.088547
0.088572
0.088595
0.088620
0.088646
0.088669
0.088704
0.088724
0.088755
0.088780
0.088817
0.088840
0.088874
0.088901
0.088941
0.088965
0.088996
0.089033
0.089065
0.089103
0.089142
0.089171
0.089206
0.089244
0.089286
0.089321
0.089359
0.089398
0.089440
0.089480
0.089518
0.089561
0.089603
0.089643
0.089693
0.089730
0.089778
0.089826
0.089864
0.089916
0.089960
0.090007
0.090059
0.090104
0.090155
0.090200
0.090257
0.090307
0.090356
0.090411
0.090461
0.090512
0.090565
0.090627
0.090673
0.090736
0.090793
0.090847
0.090900
0.090967
0.091020
0.091082
0.091137
0.091201
0.091263
0.091320
0.091384
0.091451
0.091509
0.091577
0.091642
0.091704
0.091765
0.091840
0.091905
0.091968
0.092037
0.092112
0.092178
0.092246
0.092323
0.092389
0.092465
0.092530
0.092604
0.092682
0.092753
0.092827
0.092903
0.092984
0.093060
0.093132
0.093213
0.093289
0.093372
0.093450
0.093530
0.093606
0.093693
0.093771
0.093861
0.093938
0.094018
0.094113
0.094190
0.094279
0.094370
0.094449
0.094544
0.094619
0.094717
0.094804
0.094899
0.094984
0.095077
0.095169
0.095260
0.095355
0.095446
0.095540
0.095638
0.095734
0.095832
0.095924
0.096017
0.096120
0.096223
0.096320
0.096416
0.096519
0.096619
0.096716
0.096822
0.096931
0.097026
0.097138
0.097232
0.097346
0.097448
0.097556
0.097665
0.097774
0.097877
0.097990
0.098097
0.098211
0.098314
0.098435
0.098540
0.098663
0.098769
0.098885
0.098997
0.099121
0.099224
0.099343
0.099470
0.099583
0.099700
0.099814
0.099942
0.100058
0.100184
0.100301
0.100423
0.100554
0.100669
0.100796
0.100924
0.101047
0.101168
0.101304
0.101425
0.101553
0.101684
0.101815
0.101942
0.102074
0.102206
0.102337
0.102470
0.102601
0.102733
0.102874
0.103005
0.103145
0.103273
0.103420
0.103553
0.103693
0.103828
0.103974
0.104113
0.104246
0.104390
0.104537
0.104683
0.104823
0.104966
0.105108
0.105258
0.105403
0.105547
0.105699
0.105851
0.105995
0.106140
0.106291
0.106444
0.106597
0.106751
0.106900
0.107052
0.107211
0.107368
0.107516
0.107675
0.107837
0.107984
0.108144
0.108310
0.108465
0.108629
0.108781
0.108946
0.109110
0.109271
0.109438
0.109600
0.109767
0.109932
0.110092
0.110265
0.110427
0.110602
0.110763
0.110939
0.111112
0.111273
0.111452
0.111624
0.111793
0.111969
0.112139
0.112320
0.112497
0.112662
0.112848
0.113023
0.113197
0.113381
0.113569
0.113738
0.113918
0.114103
0.114283
0.114473
0.114658
0.114831
0.115022
0.115211
0.115392
0.115579
0.115770
0.115961
0.116146
0.116340
0.116526
0.116721
0.116913
0.117108
0.117290
0.117498
0.117686
0.117880
0.118077
0.118275
0.118474
0.118676
0.118869
0.119064
0.119270
0.119476
0.119671
0.119881
0.120079
0.120283
0.120483
0.120691
0.120902
0.121111
0.121307
0.121527
0.121730
0.121939
0.122144
0.122366
0.122575
0.122780
0.123000
0.123217
0.123423
0.123644
0.123855
0.124075
0.124295
0.124505
0.124732
0.124947
0.125169
0.125389
0.125612
0.125832
0.126060
0.126276
0.126508
0.126732
0.126956
0.127182
0.127408
0.127632
0.127868
0.128105
0.128330
0.128552
0.128790
0.129029
0.129250
0.129491
0.129721
0.129960
0.130189
0.130437
0.130670
0.130913
0.131144
0.131383
0.131631
0.131866
0.132113
0.132351
0.132598
0.132840
0.133085
0.133334
0.133577
0.133825
0.134070
0.134319
0.134571
0.134816
0.135071
0.135322
0.135577
0.135825
0.136077
0.136335
0.136591
0.136841
0.137104
0.137358
0.137623
0.137874
0.138133
0.138396
0.138656
0.138926
0.139179
0.139444
0.139707
0.139970
0.140233
0.140509
0.140774
0.141040
0.141305
0.141576
0.141851
0.142117
0.142390
0.142655
0.142935
0.143204
0.143488
0.143757
0.144021
0.144312
0.144592
0.144858
0.145141
0.145424
0.145699
0.145986
0.146266
0.146549
0.146831
0.147110
0.147405
0.147678
0.147972
0.148256
0.148549
0.148833
0.149130
0.149411
0.149698
0.150004
0.150288
0.150574
0.150875
0.151169
0.151462
0.151758
0.152052
0.152357
0.152655
0.152950
0.153255
0.153545
0.153852
0.154151
0.154459
0.154758
0.155066
0.155368
0.155670
0.155986
0.156282
0.156593
0.156910
0.157207
0.157530
0.157825
0.158144
0.158463
0.158771
0.159084
0.159393
0.159711
0.160027
0.160345
0.160669
0.160980
0.161305
0.161615
0.161942
0.162262
0.162590
0.162902
0.163229
0.163552
0.163881
0.164195
0.164540
0.164849
0.165189
0.165510
0.165845
0.166169
0.166509
0.166825
0.167167
0.167495
0.167839
0.168173
0.168501
0.168836
0.169171
0.169511
0.169853
0.170183
0.170530
0.170868
0.171207
0.171553
0.171895
0.172232
0.172583
0.172923
0.173263
0.173610
0.173973
0.174303
0.174655
0.175007
0.175354
0.175702
0.176060
0.176402
0.176759
0.177108
0.177462
0.177827
0.178179
0.178531
0.178890
0.179241
0.179596
0.179971
0.180317
0.180680
0.181048
0.181400
0.181761
0.182132
0.182500
0.182837
0.183234
0.183578
0.183959
0.184313
0.184691
0.185049
0.185427
0.185796
0.186151
0.186541
0.186910
0.187276
0.187655
0.188027
0.188393
0.188772
0.189153
0.189530
0.189903
0.190281
0.190659
0.191037
0.191411
0.191808
0.192180
0.192559
0.192940
0.193329
0.193710
0.194092
0.194469
0.194872
0.195251
0.195634
0.196024
0.196415
0.196804
0.197186
0.197577
0.197968
0.198358
0.198762
0.199139
0.199532
0.199944
0.200312
0.200726
0.201114
0.201517
0.201899
0.202308
0.202708
0.203092
0.203499
0.203912
0.204293
0.204704
0.205095
0.205512
0.205907
0.206305
0.206707
0.207117
0.207516
0.207926
0.208336
0.208739
0.209147
0.209555
0.209956
0.210375
0.210774
0.211183
0.211605
0.212003
0.212421
0.212838
0.213249
0.213655
0.214066
0.214482
0.214902
0.215306
0.215736
0.216143
0.216560
0.216976
0.217384
0.217819
0.218227
0.218653
0.219069
0.219492
0.219908
0.220336
0.220747
0.221162
0.221599
0.222023
0.222434
0.222857
0.223295
0.223714
0.224127
0.224559
0.224992
0.225402
0.225847
0.226265
0.226698
0.227117
0.227547
0.227976
0.228406
0.228836
0.229252
0.229703
0.230130
0.230547
0.230995
0.231423
0.231834
0.232286
0.232718
0.233145
0.233578
0.234012
0.234447
0.234890
0.235301
0.235758
0.236188
0.236618
0.237061
0.237489
0.237933
0.238370
0.238800
0.239238
0.239677
0.240125
0.240540
0.240998
0.241425
0.241869
0.242305
0.242762
0.243181
0.243627
0.244059
0.244512
0.244944
0.245395
0.245826
0.246262
0.246715
0.247141
0.247592
0.248052
0.248475
0.248912
0.249357
0.249801
0.250260
0.250677
0.251122
0.251590
0.252004
0.252470
0.252900
0.253349
0.253785
0.254237
0.254660
0.255134
0.255553
0.256012
0.256447
0.256903
0.257343
0.257788
0.258214
0.258682
0.259106
0.259570
0.259997
0.260443
0.260905
0.261326
0.261772
0.262230
0.262673
0.263104
0.263560
0.263999
0.264436
0.264891
0.265329
0.265791
0.266211
0.266661
0.267104
0.267538
0.267994
0.268425
0.268892
0.269322
0.269759
0.270198
0.270648
0.271098
0.271517
0.271980
0.272412
0.272842
0.273314
0.273726
0.274170
0.274637
0.275060
0.275485
0.275946
0.276371
0.276830
0.277245
0.277679
0.278151
0.278565
0.279008
0.279445
0.279883
0.280321
0.280757
0.281191
0.281639
0.282042
0.282515
0.282931
0.283372
0.283798
0.284237
0.284660
0.285097
0.285531
0.285970
0.286383
0.286830
0.287260
0.287689
0.288115
0.288557
0.288964
0.289418
0.289822
0.290242
0.290693
0.291108
0.291524
0.291952
0.292394
0.292806
0.293231
0.293652
0.294078
0.294493
0.294915
0.295331
0.295762
0.296161
0.296606
0.297018
0.297409
0.297850
0.298255
0.298678
0.299079
0.299501
0.299914
0.300331
0.300727
0.301140
0.301550
0.301975
0.302366
0.302771
0.303194
0.303595
0.303981
0.304412
0.304795
0.305207
0.305620
0.305997
0.306404
0.306811
0.307202
0.307587
0.308008
0.308391
0.308774
0.309189
0.309570
0.309964
0.310359
0.310749
0.311120
0.311513
0.311917
0.312285
0.312670
0.313052
0.313451
0.313816
0.314210
0.314568
0.314962
0.315337
0.315711
0.316097
0.316449
0.316836
0.317201
0.317568
0.317949
0.318292
0.318690
0.319050
0.319389
0.319782
0.320134
0.320492
0.320844
0.321209
0.321579
0.321927
0.322274
0.322619
0.322980
0.323342
0.323663
0.324040
0.324382
0.324716
0.325051
0.325423
0.325739
0.326105
0.326420
0.326766
0.327095
0.327420
0.327764
0.328109
0.328430
0.328754
0.329072
0.329410
0.329728
0.330067
0.330360
0.330715
0.331008
0.331320
0.331650
0.331942
0.332270
0.332596
0.332865
0.333209
0.333495
0.333817
0.334100
0.334402
0.334700
0.335021
0.335301
0.335577
0.335894
0.336189
0.336444
0.336758
0.337032
0.337323
0.337616
0.337885
0.338174
0.338444
0.338712
0.338980
0.339264
0.339531
0.339797
0.340079
0.340324
0.340606
0.340849
0.341110
0.341390
0.341610
0.341890
0.342148
0.342387
0.342625
0.342880
0.343118
0.343373
0.343609
0.343843
0.344079
0.344311
0.344564
0.344778
0.345010
0.345242
0.345474
0.345683
0.345894
0.346147
0.346334
0.346544
0.346774
0.346983
0.347192
0.347419
0.347608
0.347816
0.348003
0.348209
0.348398
0.348625
0.348790
0.348978
0.349164
0.349370
0.349557
0.349722
0.349908
0.350094
0.350259
0.350446
0.350611
0.350797
0.350942
0.351108
0.351272
0.351440
0.351584
0.351773
0.351916
0.352064
0.352208
0.352355
0.352501
0.352669
0.352795
0.352921
0.353069
0.353195
0.353344
0.353472
0.353600
0.353728
0.353837
0.353987
0.354074
0.354205
0.354313
0.354446
0.354534
0.354646
0.354758
0.354849
0.354984
0.355054
0.355170
0.355241
0.355358
0.355430
0.355505
0.355624
0.355678
0.355798
0.355832
0.355932
0.355989
0.356070
0.356150
0.356211
0.356271
0.356355
0.356373
0.356460
0.356503
0.356570
0.356590
0.356682
0.356707
0.356733
0.356804
0.356811
0.356884
0.356893
0.356924
0.356980
0.356991
0.357006
0.357041
0.357035
0.357076
0.357093
0.357088
0.357134
0.357111
0.357134
0.357137
0.357119
0.357148
0.357129
0.357094
0.357127
0.357117
0.357081
0.357075
0.357068
0.357040
0.357014
0.356989
0.356964
0.356944
0.356902
0.356883
0.356841
0.356783
0.356746
0.356712
0.356679
0.356602
0.356572
0.356522
0.356473
0.356403
0.356335
0.356268
0.356226
0.356162
0.356079
0.356019
0.355916
0.355882
0.355760
0.355731
0.355611
0.355517
0.355471
0.355356
0.355267
0.355181
0.355073
0.354967
0.354862
0.354804
0.354659
0.354538
0.354464
0.354346
0.354230
0.354094
0.353981
0.353872
0.353739
0.353635
0.353484
0.353358
0.353212
0.353091
0.352972
0.352786
0.352670
0.352557
0.352376
0.352221
0.352090
0.351962
0.351742
0.351642
0.351449
0.351329
0.351142
0.350957
0.350819
0.350614
0.350482
0.350280
0.350128
0.349931
0.349759
0.349568
0.349400
0.349212
0.349025
0.348817
0.348634
0.348431
0.348253
0.348030
0.347833
0.347637
0.347444
0.347206
0.347039
0.346806
0.346574
0.346392
0.346140
0.345959
0.345715
0.345514
0.345249
0.345055
0.344817
0.344602
0.344344
0.344110
0.343882
0.343650
0.343425
0.343129
0.342930
0.342662
0.342420
0.342203
0.341919
0.341636
0.341424
0.341168
0.340892
0.340639
0.340365
0.340095
0.339870
0.339581
0.339292
0.339027
0.338766
0.338483
0.338200
0.337946
0.337621
0.337391
0.337071
0.336799
0.336528
0.336191
0.335947
0.335636
0.335348
0.335042
0.334758
0.334454
0.334152
0.333829
0.333552
0.333232
0.332959
0.332620
0.332326
0.331991
0.331679
0.331392
0.331059
0.330753
0.330423
0.330099
0.329773
0.329449
0.329149
0.328785
0.328487
0.328149
0.327831
0.327494
0.327137
0.326826
0.326469
0.326138
0.325786
0.325458
0.325132
0.324783
0.324414
0.324069
0.323769
0.323360
0.323041
0.322679
0.322339
0.321958
0.321622
0.321287
0.320887
0.320553
0.320180
0.319847
0.319454
0.319103
0.318733
0.318385
0.317996
0.317605
0.317263
0.316874
0.316532
0.316150
0.315785
0.315360
0.315044
0.314621
0.314265
0.313883
0.313487
0.313107
0.312734
0.312359
0.311986
0.311549
0.311196
0.310808
0.310413
0.310025
0.309612
0.309246
0.308859
0.308449
0.308041
0.307674
0.307274
0.306864
0.306462
0.306060
0.305677
0.305252
0.304872
0.304477
0.304048
0.303656
0.303251
0.302816
0.302435
0.302045
0.301598
0.301228
0.300797
0.300377
0.299964
0.299589
0.299138
0.298720
0.298335
0.297900
0.297506
0.297061
0.296665
0.296244
0.295805
0.295401
0.294993
0.294561
0.294117
0.293708
0.293322
0.292857
0.292449
0.292022
0.291604
0.291169
0.290754
0.290324
0.289900
0.289461
0.289036
0.288613
0.288192
0.287747
0.287304
0.286904
0.286465
0.286022
0.285621
0.285164
0.284721
0.284300
0.283881
0.283419
0.283005
0.282560
0.282143
0.281684
0.281272
0.280822
0.280377
0.279951
0.279508
0.279082
0.278618
0.278221
0.277762
0.277323
0.276870
0.276456
0.276011
0.275557
0.275125
0.274688
0.274245
0.273813
0.273339
0.272940
0.272466
0.272064
0.271566
0.271173
0.270717
0.270263
0.269827
0.269389
0.268956
0.268498
0.268054
0.267629
0.267165
0.266735
0.266270
0.265838
0.265423
0.264927
0.264532
0.264056
0.263632
0.263175
0.262742
0.262283
0.261855
0.261406
0.260953
0.260520
0.260077
0.259619
0.259201
0.258723
0.258302
0.257850
0.257392
0.256986
0.256501
0.256085
0.255620
0.255213
0.254713
0.254317
0.253858
0.253416
0.252955
0.252533
0.252094
0.251632
0.251212
0.250751
0.250311
0.249868
0.249422
0.248986
0.248556
0.248098
0.247655
0.247232
0.246767
0.246341
0.245901
0.245455
0.245013
0.244568
0.244137
0.243694
0.243268
0.242803
0.242363
0.241946
0.241500
0.241059
0.240609
0.240197
0.239749
0.239304
0.238861
0.238440
0.237997
0.237563
0.237114
0.236704
0.236237
0.235818
0.235375
0.234956
0.234524
0.234076
0.233643
0.233207
0.232790
0.232340
0.231919
0.231476
0.231054
0.230618
0.230203
0.229763
0.229326
0.228912
0.228459
0.228036
0.227618
0.227179
0.226763
0.226337
0.225903
0.225476
0.225059
0.224621
0.224197
0.223775
0.223354
0.222926
0.222505
0.222084
0.221659
0.221235
0.220808
0.220387
0.219991
0.219554
0.219125
0.218718
0.218290
0.217868
0.217468
0.217048
0.216620
0.216204
0.215793
0.215371
0.214973
0.214542
0.214121
0.213736
0.213305
0.212895
0.212482
0.212068
0.211654
0.211258
0.210842
0.210429
0.210027
0.209615
0.209199
0.208799
0.208400
0.207985
0.207579
0.207186
0.206777
0.206368
0.205966
0.205564
0.205172
0.204750
0.204371
0.203956
0.203567
0.203165
0.202761
0.202361
0.201972
0.201567
0.201181
0.200777
0.200388
0.199981
0.199607
0.199205
0.198813
0.198413
0.198034
0.197641
0.197252
0.196865
0.196460
0.196085
0.195703
0.195296
0.194926
0.194533
0.194163
0.193753
0.193386
0.193019
0.192606
0.192249
0.191859
0.191469
0.191093
0.190724
0.190342
0.189957
0.189588
0.189211
0.188833
0.188450
0.188074
0.187721
0.187331
0.186964
0.186586
0.186228
0.185844
0.185485
0.185107
0.184741
0.184378
0.184007
0.183653
0.183267
0.182911
0.182543
0.182192
0.181811
0.181469
0.181093
0.180736
0.180387
0.180003
0.179666
0.179298
0.178942
0.178582
0.178233
0.177872
0.177516
0.177164
0.176824
0.176457
0.176102
0.175773
0.175397
0.175053
0.174722
0.174366
0.174005
0.173674
0.173318
0.172980
0.172625
0.172289
0.171947
0.171604
0.171257
0.170927
0.170576
0.170247
0.169892
0.169566
0.169222
0.168895
0.168547
0.168217
0.167880
0.167555
0.167215
0.166885
0.166558
0.166223
0.165894
0.165563
0.165229
0.164908
0.164577
0.164258
0.163925
0.163606
0.163280
0.162948
0.162643
0.162307
0.161987
0.161673
0.161346
0.161030
0.160719
0.160392
0.160069
0.159766
0.159448
0.159130
0.158824
0.158499
0.158192
0.157881
0.157571
0.157261
0.156953
0.156642
0.156329
0.156034
0.155711
0.155421
0.155109
0.154805
0.154500
0.154205
0.153893
0.153597
0.153293
0.153006
0.152696
0.152393
0.152104
0.151808
0.151501
0.151219
0.150917
0.150627
0.150328
0.150044
0.149744
0.149463
0.149166
0.148877
0.148594
0.148299
0.148013
0.147731
0.147440
0.147163
0.146870
0.146590
0.146310
0.146025
0.145744
0.145466
0.145191
0.144899
0.144633
0.144353
0.144071
0.143798
0.143524
0.143247
0.142978
0.142702
0.142427
0.142159
0.141883
0.141620
0.141345
0.141086
0.140812
0.140541
0.140283
0.140015
0.139745
0.139483
0.139223
0.138958
0.138697
0.138437
0.138173
0.137917
0.137657
0.137401
0.137139
0.136888
0.136626
0.136374
0.136119
0.135863
0.135619
0.135358
0.135111
0.134854
0.134607
0.134359
0.134114
0.133857
0.133615
0.133375
0.133116
0.132880
0.132633
0.132391
0.132147
0.131904
0.131666
0.131428
0.131179
0.130949
0.130705
0.130470
0.130230
0.129995
0.129758
0.129528
0.129293
0.129054
0.128827
0.128593
0.128362
0.128133
0.127905
0.127672
0.127446
0.127215
0.126995
0.126762
0.126542
0.126309
0.126097
0.125865
0.125644
0.125426
0.125202
0.124982
0.124762
0.124544
0.124328
0.124103
0.123893
0.123676
0.123458
0.123247
0.123027
0.122820
0.122603
0.122394
0.122182
0.121971
0.121763
0.121557
0.121343
0.121138
0.120931
0.120725
0.120519
