ang_Y
0.333366
0.333401
0.333434
0.333467
0.333500
0.333534
0.333566
0.333599
0.333630
0.333663
0.333695
0.333726
0.333758
0.333788
0.333820
0.333851
0.333881
0.333911
0.333942
0.333971
0.334002
0.334031
0.334060
0.334089
0.334118
0.334147
0.334175
0.334204
0.334231
0.334260
0.334287
0.334315
0.334342
0.334370
0.334395
0.334423
0.334450
0.334474
0.334502
0.334528
0.334554
0.334578
0.334605
0.334629
0.334654
0.334679
0.334703
0.334728
0.334752
0.334775
0.334801
0.334823
0.334847
0.334870
0.334893
0.334916
0.334939
0.334963
0.334983
0.335006
0.335027
0.335050
0.335071
0.335092
0.335115
0.335134
0.335156
0.335177
0.335198
0.335217
0.335238
0.335258
0.335277
0.335297
0.335316
0.335337
0.335354
0.335374
0.335393
0.335411
0.335429
0.335447
0.335467
0.335487
0.335501
0.335519
0.335535
0.335555
0.335572
0.335586
0.335606
0.335622
0.335637
0.335656
0.335666
0.335688
0.335701
0.335718
0.335735
0.335747
0.335765
0.335776
0.335791
0.335807
0.335823
0.335837
0.335849
0.335866
0.335880
0.335888
0.335908
0.335915
0.335935
0.335943
0.335956
0.335972
0.335983
0.335996
0.336004
0.336020
0.336032
0.336044
0.336055
0.336066
0.336078
0.336087
0.336101
0.336111
0.336123
0.336132
0.336138
0.336155
0.336163
0.336172
0.336180
0.336192
0.336205
0.336208
0.336220
0.336229
0.336234
0.336250
0.336253
0.336266
0.336268
0.336280
0.336289
0.336292
0.336304
0.336311
0.336319
0.336325
0.336331
0.336340
0.336345
0.336357
0.336356
0.336365
0.336371
0.336377
0.336383
0.336390
0.336397
0.336400
0.336407
0.336408
0.336418
0.336418
0.336428
0.336431
0.336434
0.336437
0.336444
0.336441
0.336456
0.336452
0.336459
0.336459
0.336466
0.336467
0.336474
0.336470
0.336475
0.336479
0.336483
0.336485
0.336485
0.336487
0.336491
0.336486
0.336496
0.336497
0.336493
0.336495
0.336503
0.336495
0.336498
0.336503
0.336494
0.336501
0.336502
0.336498
0.336501
0.336504
0.336496
0.336500
0.336496
0.336497
0.336495
0.336495
0.336494
0.336490
0.336491
0.336488
0.336492
0.336484
0.336485
0.336478
0.336480
0.336472
0.336472
0.336470
0.336467
0.336465
0.336460
0.336452
0.336451
0.336452
0.336448
0.336437
0.336439
0.336434
0.336428
0.336419
0.336418
0.336419
0.336408
0.336404
0.336393
0.336397
0.336383
0.336383
0.336377
0.336367
0.336363
0.336359
0.336347
0.336344
0.336336
0.336330
0.336321
0.336312
0.336308
0.336299
0.336295
0.336283
0.336280
0.336266
0.336257
0.336251
0.336244
0.336232
0.336227
0.336213
0.336211
0.336192
0.336188
0.336179
0.336172
0.336158
0.336146
0.336136
0.336127
0.336118
0.336106
0.336092
0.336082
0.336076
0.336063
0.336050
0.336039
0.336023
0.336018
0.335997
0.335993
0.335977
0.335967
0.335949
0.335941
0.335927
0.335911
0.335900
0.335887
0.335874
0.335855
0.335846
0.335827
0.335816
0.335802
0.335787
0.335770
0.335759
0.335741
0.335727
0.335710
0.335694
0.335680
0.335664
0.335648
0.335628
0.335614
0.335599
0.335580
0.335563
0.335545
0.335531
0.335510
0.335495
0.335474
0.335464
0.335434
0.335425
0.335405
0.335383
0.335368
0.335345
0.335327
0.335306
0.335291
0.335266
0.335249
0.335226
0.335212
0.335188
0.335171
0.335145
0.335121
0.335109
0.335085
0.335060
0.335038
0.335019
0.334996
0.334976
0.334949
0.334930
0.334905
0.334885
0.334863
0.334833
0.334815
0.334789
0.334765
0.334741
0.334720
0.334692
0.334667
0.334645
0.334620
0.334589
0.334568
0.334541
0.334515
0.334493
0.334464
0.334439
0.334409
0.334386
0.334356
0.334329
0.334305
0.334279
0.334247
0.334215
0.334191
0.334162
0.334137
0.334105
0.334077
0.334050
0.334017
0.333987
0.333956
0.333933
0.333898
0.333867
0.333835
0.333806
0.333777
0.333742
0.333712
0.333679
0.333651
0.333617
0.333585
0.333551
0.333519
0.333485
0.333452
0.333420
0.333383
0.333352
0.333318
0.333281
0.333252
0.333211
0.333182
0.333145
0.333105
0.333071
0.333038
0.333001
0.332961
0.332925
0.332889
0.332854
0.332816
0.332776
0.332739
0.332705
0.332662
0.332624
0.332588
0.332549
0.332506
0.332465
0.332432
0.332388
0.332347
0.332310
0.332262
0.332229
0.332182
0.332148
0.332099
0.332059
0.332017
0.331974
0.331934
0.331884
0.331845
0.331799
0.331759
0.331714
0.331670
0.331626
0.331579
0.331536
0.331484
0.331442
0.331400
0.331351
0.331303
0.331255
0.331212
0.331164
0.331116
0.331067
0.331020
0.330973
0.330921
0.330871
0.330821
0.330777
0.330725
0.330673
0.330621
0.330571
0.330525
0.330470
0.330416
0.330367
0.330316
0.330262
0.330207
0.330154
0.330101
0.330050
0.329995
0.329938
0.329885
0.329833
0.329773
0.329717
0.329665
0.329606
0.329550
0.329493
0.329437
0.329380
0.329318
0.329261
0.329202
0.329149
0.329088
0.329022
0.328964
0.328910
0.328844
0.328790
0.328721
0.328660
0.328601
0.328538
0.328473
0.328417
0.328349
0.328285
0.328223
0.328155
0.328095
0.328034
0.327961
0.327895
0.327830
0.327767
0.327695
0.327633
0.327563
0.327494
0.327429
0.327361
0.327287
0.327219
0.327152
0.327081
0.327013
0.326940
0.326868
0.326795
0.326724
0.326656
0.326577
0.326505
0.326436
0.326358
0.326285
0.326210
0.326134
0.326060
0.325984
0.325908
0.325831
0.325750
0.325679
0.325596
0.325520
0.325443
0.325363
0.325280
0.325203
0.325119
0.325046
0.324955
0.324880
0.324793
0.324711
0.324636
0.324541
0.324467
0.324379
0.324286
0.324208
0.324121
0.324039
0.323951
0.323863
0.323780
0.323686
0.323597
0.323510
0.323421
0.323330
0.323243
0.323147
0.323065
0.322967
0.322874
0.322782
0.322688
0.322599
0.322506
0.322405
0.322315
0.322214
0.322122
0.322026
0.321931
0.321831
0.321729
0.321637
0.321537
0.321432
0.321337
0.321237
0.321137
0.321033
0.320927
0.320833
0.320720
0.320626
0.320515
0.320416
0.320311
0.320200
0.320095
0.319991
0.319880
0.319781
0.319664
0.319559
0.319444
0.319333
0.319230
0.319117
0.319001
0.318894
0.318782
0.318661
0.318551
0.318442
0.318320
0.318202
0.318094
0.317972
0.317860
0.317739
0.317616
0.317502
0.317377
0.317263
0.317140
0.317015
0.316892
0.316778
0.316645
0.316527
0.316398
0.316279
0.316147
0.316021
0.315895
0.315771
0.315638
0.315510
0.315386
0.315254
0.315111
0.314992
0.314858
0.314719
0.314586
0.314456
0.314322
0.314181
0.314051
0.313912
0.313780
0.313630
0.313499
0.313359
0.313221
0.313073
0.312940
0.312792
0.312649
0.312502
0.312360
0.312218
0.312070
0.311924
0.311778
0.311633
0.311479
0.311328
0.311184
0.311027
0.310884
0.310722
0.310575
0.310420
0.310265
0.310112
0.309955
0.309797
0.309639
0.309485
0.309322
0.309170
0.308997
0.308846
0.308674
0.308512
0.308355
0.308188
0.308029
0.307854
0.307687
0.307526
0.307351
0.307185
0.307017
0.306842
0.306672
0.306502
0.306330
0.306154
0.305980
0.305798
0.305630
0.305448
0.305271
0.305085
0.304918
0.304729
0.304548
0.304372
0.304182
0.303999
0.303810
0.303630
0.303440
0.303254
0.303066
0.302877
0.302687
0.302491
0.302307
0.302107
0.301911
0.301724
0.301527
0.301329
0.301127
0.300933
0.300734
0.300532
0.300333
0.300132
0.299922
0.299721
0.299518
0.299315
0.299104
0.298896
0.298684
0.298484
0.298269
0.298050
0.297846
0.297631
0.297416
0.297198
0.296986
0.296763
0.296546
0.296330
0.296103
0.295885
0.295665
0.295438
0.295217
0.294986
0.294764
0.294534
0.294300
0.294082
0.293847
0.293609
0.293379
0.293148
0.292910
0.292673
0.292444
0.292202
0.291958
0.291718
0.291481
0.291236
0.290991
0.290745
0.290510
0.290252
0.290010
0.289755
0.289515
0.289253
0.289005
0.288755
0.288493
0.288244
0.287982
0.287721
0.287470
0.287201
0.286951
0.286684
0.286417
0.286151
0.285886
0.285622
0.285349
0.285080
0.284811
0.284540
0.284266
0.283994
0.283717
0.283437
0.283157
0.282881
0.282602
0.282321
0.282033
0.281756
0.281466
0.281184
0.280889
0.280606
0.280319
0.280015
0.279731
0.279436
0.279139
0.278843
0.278548
0.278247
0.277941
0.277644
0.277341
0.277036
0.276736
0.276421
0.276117
0.275806
0.275499
0.275181
0.274874
0.274552
0.274242
0.273920
0.273606
0.273284
0.272965
0.272638
0.272315
0.271991
0.271665
0.271332
0.271007
0.270675
0.270344
0.270010
0.269672
0.269334
0.269003
0.268661
0.268319
0.267979
0.267633
0.267294
0.266936
0.266598
0.266254
0.265888
0.265547
0.265197
0.264828
0.264486
0.264120
0.263764
0.263403
0.263041
0.262678
0.262313
0.261946
0.261579
0.261209
0.260831
0.260473
0.260093
0.259709
0.259344
0.258960
0.258581
0.258206
0.257815
0.257433
0.257044
0.256664
0.256271
0.255883
0.255486
0.255093
0.254704
0.254303
0.253909
0.253506
0.253103
0.252701
0.252300
0.251892
0.251484
0.251079
0.250665
0.250251
0.249836
0.249427
0.249012
0.248582
0.248167
0.247750
0.247329
0.246893
0.246471
0.246048
0.245614
0.245185
0.244747
0.244318
0.243878
0.243440
0.243005
0.242564
0.242114
0.241675
0.241225
0.240788
0.240328
0.239882
0.239423
0.238979
0.238514
0.238062
0.237603
0.237136
0.236679
0.236216
0.235739
0.235284
0.234808
0.234337
0.233867
0.233393
0.232913
0.232439
0.231956
0.231481
0.230992
0.230510
0.230024
0.229535
0.229046
0.228552
0.228062
0.227564
0.227070
0.226568
0.226073
0.225572
0.225063
0.224563
0.224053
0.223544
0.223033
0.222521
0.222006
0.221497
0.220974
0.220453
0.219938
0.219409
0.218885
0.218363
0.217829
0.217308
0.216770
0.216241
0.215700
0.215166
0.214631
0.214086
0.213547
0.213002
0.212453
0.211912
0.211358
0.210809
0.210254
0.209701
0.209144
0.208585
0.208027
0.207468
0.206898
0.206340
0.205768
0.205200
0.204628
0.204066
0.203480
0.202913
0.202328
0.201747
0.201170
0.200587
0.200001
0.199410
0.198830
0.198234
0.197650
0.197050
0.196453
0.195859
0.195255
0.194657
0.194051
0.193449
0.192851
0.192235
0.191622
0.191018
0.190398
0.189787
0.189170
0.188545
0.187928
0.187305
0.186682
0.186055
0.185429
0.184797
0.184169
0.183533
0.182903
0.182259
0.181626
0.180984
0.180345
0.179695
0.179056
0.178406
0.177756
0.177105
0.176453
0.175795
0.175148
0.174489
0.173815
0.173170
0.172508
0.171828
0.171174
0.170501
0.169830
0.169158
0.168487
0.167811
0.167133
0.166451
0.165779
0.165089
0.164409
0.163722
0.163038
0.162348
0.161650
0.160969
0.160263
0.159580
0.158871
0.158176
0.157476
0.156768
0.156069
0.155364
0.154657
0.153946
0.153232
0.152522
0.151806
0.151089
0.150380
0.149651
0.148937
0.148206
0.147486
0.146764
0.146028
0.145305
0.144573
0.143841
0.143105
0.142372
0.141635
0.140900
0.140158
0.139408
0.138667
0.137925
0.137177
0.136432
0.135684
0.134925
0.134175
0.133425
0.132657
0.131913
0.131142
0.130392
0.129627
0.128861
0.128098
0.127333
0.126561
0.125792
0.125021
0.124248
0.123477
0.122704
0.121923
0.121143
0.120365
0.119591
0.118798
0.118016
0.117232
0.116447
0.115657
0.114868
0.114067
0.113286
0.112493
0.111693
0.110900
0.110101
0.109302
0.108500
0.107699
0.106894
0.106085
0.105292
0.104477
0.103671
0.102856
0.102047
0.101237
0.100424
0.099605
0.098797
0.097977
0.097155
0.096341
0.095512
0.094692
0.093875
0.093048
0.092218
0.091392
0.090569
0.089738
0.088909
0.088076
0.087246
0.086411
0.085572
0.084743
0.083903
0.083062
0.082228
0.081384
0.080547
0.079704
0.078861
0.078017
0.077173
0.076318
0.075483
0.074631
0.073781
0.072931
0.072081
0.071225
0.070379
0.069518
0.068670
0.067808
0.066954
0.066103
0.065241
0.064381
0.063522
0.062660
0.061797
0.060935
0.060070
0.059215
0.058346
0.057473
0.056619
0.055747
0.054871
0.054014
0.053141
0.052274
0.051395
0.050531
0.049661
0.048783
0.047912
0.047037
0.046163
0.045288
0.044414
0.043537
0.042658
0.041779
0.040911
0.040023
0.039146
0.038264
0.037392
0.036501
0.035628
0.034746
0.033860
0.032980
0.032094
0.031212
0.030327
0.029448
0.028555
0.027676
0.026792
0.025903
0.025016
0.024131
0.023245
0.022360
0.021470
0.020580
0.019695
0.018807
0.017916
0.017030
0.016140
0.015252
0.014361
0.013471
0.012582
0.011692
0.010803
0.009916
0.009022
0.008131
0.007241
0.006348
0.005454
0.004569
0.003680
0.002786
0.001894
0.001010
0.000113
-0.000781
-0.001670
-0.002555
-0.003453
-0.004343
-0.005231
-0.006119
-0.007017
-0.007905
-0.008791
-0.009692
-0.010572
-0.011468
-0.012353
-0.013250
-0.014131
-0.015023
-0.015915
-0.016805
-0.017691
-0.018579
-0.019470
-0.020355
-0.021244
-0.022129
-0.023020
-0.023906
-0.024792
-0.025678
-0.026561
-0.027453
-0.028331
-0.029221
-0.030101
-0.030992
-0.031869
-0.032755
-0.033636
-0.034520
-0.035400
-0.036283
-0.037162
-0.038040
-0.038927
-0.039801
-0.040673
-0.041563
-0.042438
-0.043311
-0.044188
-0.045067
-0.045944
-0.046814
-0.047690
-0.048561
-0.049438
-0.050305
-0.051178
-0.052047
-0.052919
-0.053790
-0.054663
-0.055524
-0.056392
-0.057257
-0.058126
-0.058991
-0.059850
-0.060719
-0.061580
-0.062440
-0.063298
-0.064162
-0.065020
-0.065881
-0.066740
-0.067594
-0.068450
-0.069302
-0.070160
-0.071007
-0.071866
-0.072712
-0.073566
-0.074415
-0.075264
-0.076105
-0.076956
-0.077802
-0.078645
-0.079491
-0.080333
-0.081173
-0.082015
-0.082848
-0.083688
-0.084529
-0.085366
-0.086198
-0.087028
-0.087870
-0.088692
-0.089529
-0.090354
-0.091185
-0.092010
-0.092836
-0.093660
-0.094489
-0.095304
-0.096128
-0.096950
-0.097768
-0.098584
-0.099399
-0.100215
-0.101030
-0.101844
-0.102654
-0.103462
-0.104274
-0.105079
-0.105886
-0.106691
-0.107491
-0.108296
-0.109099
-0.109896
-0.110693
-0.111494
-0.112287
-0.113082
-0.113874
-0.114665
-0.115460
-0.116240
-0.117033
-0.117818
-0.118601
-0.119385
-0.120167
-0.120945
-0.121726
-0.122501
-0.123277
-0.124057
-0.124826
-0.125595
-0.126366
-0.127134
-0.127901
-0.128669
-0.129434
-0.130191
-0.130955
-0.131714
-0.132473
-0.133226
-0.133986
-0.134740
-0.135487
-0.136238
-0.136987
-0.137737
-0.138479
-0.139221
-0.139968
-0.140708
-0.141448
-0.142184
-0.142918
-0.143655
-0.144384
-0.145119
-0.145847
-0.146578
-0.147296
-0.148031
-0.148748
-0.149470
-0.150193
-0.150908
-0.151625
-0.152339
-0.153053
-0.153764
-0.154475
-0.155181
-0.155890
-0.156593
-0.157298
-0.157995
-0.158698
-0.159398
-0.160090
-0.160788
-0.161478
-0.162170
-0.162861
-0.163549
-0.164234
-0.164918
-0.165600
-0.166283
-0.166962
-0.167639
-0.168314
-0.168989
-0.169657
-0.170333
-0.171000
-0.171667
-0.172333
-0.172994
-0.173659
-0.174317
-0.174974
-0.175632
-0.176289
-0.176939
-0.177589
-0.178242
-0.178889
-0.179533
-0.180178
-0.180823
-0.181459
-0.182100
-0.182739
-0.183372
-0.184007
-0.184638
-0.185270
-0.185895
-0.186522
-0.187146
-0.187770
-0.188393
-0.189010
-0.189627
-0.190245
-0.190858
-0.191467
-0.192082
-0.192688
-0.193295
-0.193900
-0.194504
-0.195106
-0.195706
-0.196301
-0.196898
-0.197493
-0.198087
-0.198674
-0.199267
-0.199851
-0.200437
-0.201022
-0.201602
-0.202184
-0.202759
-0.203337
-0.203914
-0.204484
-0.205057
-0.205624
-0.206194
-0.206758
-0.207323
-0.207882
-0.208446
-0.209002
-0.209560
-0.210115
-0.210667
-0.211219
-0.211770
-0.212317
-0.212863
-0.213406
-0.213950
-0.214492
-0.215029
-0.215567
-0.216103
-0.216635
-0.217167
-0.217700
-0.218226
-0.218752
-0.219279
-0.219802
-0.220323
-0.220842
-0.221361
-0.221877
-0.222391
-0.222904
-0.223415
-0.223924
-0.224431
-0.224938
-0.225439
-0.225944
-0.226443
-0.226942
-0.227441
-0.227935
-0.228428
-0.228921
-0.229411
-0.229898
-0.230387
-0.230870
-0.231355
-0.231836
-0.232315
-0.232793
-0.233271
-0.233746
-0.234219
-0.234689
-0.235160
-0.235627
-0.236094
-0.236561
-0.237021
-0.237483
-0.237944
-0.238400
-0.238858
-0.239311
-0.239765
-0.240216
-0.240666
-0.241115
-0.241559
-0.242007
-0.242447
-0.242891
-0.243330
-0.243768
-0.244206
-0.244640
-0.245073
-0.245505
-0.245935
-0.246363
-0.246790
-0.247216
-0.247639
-0.248062
-0.248482
-0.248900
-0.249319
-0.249735
-0.250147
-0.250560
-0.250972
-0.251381
-0.251788
-0.252195
-0.252600
-0.253003
-0.253405
-0.253804
-0.254202
-0.254600
-0.254995
-0.255390
-0.255781
-0.256171
-0.256563
-0.256948
-0.257335
-0.257721
-0.258103
-0.258486
-0.258865
-0.259243
-0.259620
-0.259996
-0.260372
-0.260744
-0.261113
-0.261485
-0.261853
-0.262219
-0.262585
-0.262950
-0.263309
-0.263672
-0.264032
-0.264389
-0.264746
-0.265102
-0.265454
-0.265809
-0.266157
-0.266505
-0.266857
-0.267203
-0.267546
-0.267891
-0.268233
-0.268574
-0.268914
-0.269253
-0.269587
-0.269923
-0.270258
-0.270590
-0.270921
-0.271252
-0.271582
-0.271906
-0.272235
-0.272557
-0.272879
-0.273202
-0.273523
-0.273843
-0.274158
-0.274477
-0.274790
-0.275105
-0.275418
-0.275728
-0.276040
-0.276347
-0.276653
-0.276958
-0.277265
-0.277567
-0.277868
-0.278171
-0.278471
-0.278767
-0.279064
-0.279361
-0.279653
-0.279948
-0.280239
-0.280530
-0.280821
-0.281106
-0.281395
-0.281678
-0.281966
-0.282247
-0.282529
-0.282810
-0.283092
-0.283365
-0.283647
-0.283922
-0.284196
-0.284467
-0.284743
-0.285012
-0.285283
-0.285552
-0.285818
-0.286086
-0.286350
-0.286616
-0.286876
-0.287142
-0.287402
-0.287656
-0.287919
-0.288176
-0.288433
-0.288684
-0.288943
-0.289194
-0.289443
-0.289694
-0.289947
-0.290191
-0.290440
-0.290686
-0.290932
-0.291176
-0.291415
-0.291658
-0.291900
-0.292139
-0.292378
-0.292615
-0.292852
-0.293086
-0.293324
-0.293553
-0.293784
-0.294016
-0.294250
-0.294477
-0.294702
-0.294932
-0.295157
-0.295379
-0.295608
-0.295828
-0.296051
-0.296269
-0.296492
-0.296712
-0.296924
-0.297148
-0.297359
-0.297577
-0.297787
-0.298002
-0.298212
-0.298426
-0.298634
-0.298846
-0.299047
-0.299263
-0.299465
-0.299670
-0.299875
-0.300077
-0.300283
-0.300481
-0.300681
-0.300884
-0.301077
-0.301279
-0.301478
-0.301669
-0.301870
-0.302057
-0.302255
-0.302445
-0.302636
-0.302825
-0.303020
-0.303207
-0.303390
-0.303581
-0.303767
-0.303954
-0.304137
-0.304320
-0.304505
-0.304684
-0.304862
-0.305048
-0.305225
-0.305405
-0.305577
-0.305761
-0.305930
-0.306111
-0.306282
-0.306457
-0.306630
-0.306798
-0.306972
-0.307142
-0.307311
-0.307482
-0.307645
-0.307817
-0.307980
-0.308149
-0.308307
-0.308473
-0.308638
-0.308801
-0.308962
-0.309123
-0.309280
-0.309442
-0.309600
-0.309759
-0.309913
-0.310069
-0.310228
-0.310379
-0.310536
-0.310686
-0.310840
-0.310992
-0.311144
-0.311292
-0.311444
-0.311588
-0.311740
-0.311888
-0.312033
-0.312182
-0.312323
-0.312470
-0.312613
-0.312756
-0.312898
-0.313042
-0.313182
-0.313323
-0.313461
-0.313600
-0.313743
-0.313875
-0.314014
-0.314151
-0.314285
-0.314420
-0.314555
-0.314689
-0.314823
-0.314954
-0.315084
-0.315218
-0.315346
-0.315479
-0.315605
-0.315735
-0.315866
-0.315987
-0.316117
-0.316244
-0.316367
-0.316495
-0.316619
-0.316740
-0.316863
-0.316984
-0.317110
-0.317228
-0.317353
-0.317466
-0.317593
-0.317705
-0.317828
-0.317941
-0.318060
-0.318176
-0.318295
-0.318409
-0.318520
-0.318635
-0.318754
-0.318861
-0.318975
-0.319090
-0.319197
-0.319309
-0.319420
-0.319531
-0.319637
-0.319746
-0.319857
-0.319960
-0.320069
-0.320177
-0.320281
-0.320386
-0.320490
-0.320598
-0.320698
-0.320802
-0.320906
-0.321009
-0.321107
-0.321209
-0.321312
-0.321410
-0.321513
-0.321607
-0.321707
-0.321807
-0.321905
-0.321999
-0.322098
-0.322196
-0.322285
-0.322383
-0.322483
-0.322571
-0.322665
-0.322760
-0.322851
-0.322946
-0.323034
-0.323130
-0.323217
-0.323308
-0.323397
-0.323490
-0.323575
-0.323666
-0.323754
-0.323840
-0.323927
-0.324016
-0.324100
-0.324187
-0.324271
-0.324357
-0.324443
-0.324522
-0.324611
-0.324692
-0.324774
-0.324858
-0.324937
-0.325022
-0.325099
-0.325183
-0.325261
-0.325342
-0.325421
-0.325500
-0.325577
-0.325656
-0.325734
-0.325811
-0.325888
-0.325965
-0.326039
-0.326117
-0.326191
-0.326266
-0.326341
-0.326414
-0.326488
-0.326561
-0.326631
-0.326708
-0.326780
-0.326848
-0.326923
