COM_Z
3.999999
4.003699
4.007299
4.010898
4.014496
4.018094
4.021691
4.025288
4.028884
4.032479
4.036073
4.039666
4.043258
4.046850
4.050440
4.054029
4.057616
4.061202
4.064787
4.068371
4.071953
4.075534
4.079113
4.082690
4.086266
4.089839
4.093411
4.096981
4.100550
4.104116
4.107680
4.111242
4.114802
4.118359
4.121915
4.125468
4.129018
4.132566
4.136112
4.139655
4.143195
4.146733
4.150268
4.153800
4.157329
4.160856
4.164379
4.167900
4.171417
4.174932
4.178443
4.181950
4.185455
4.188956
4.192454
4.195949
4.199439
4.202927
4.206410
4.209890
4.213367
4.216839
4.220308
4.223773
4.227234
4.230691
4.234143
4.237592
4.241037
4.244477
4.247913
4.251345
4.254773
4.258196
4.261615
4.265029
4.268438
4.271843
4.275244
4.278639
4.282030
4.285416
4.288797
4.292173
4.295545
4.298911
4.302272
4.305628
4.308979
4.312325
4.315665
4.319000
4.322330
4.325654
4.328973
4.332286
4.335594
4.338896
4.342193
4.345483
4.348768
4.352047
4.355321
4.358588
4.361849
4.365105
4.368354
4.371597
4.374834
4.378065
4.381290
4.384508
4.387720
4.390926
4.394125
4.397318
4.400504
4.403683
4.406856
4.410022
4.413182
4.416334
4.419480
4.422619
4.425752
4.428877
4.431995
4.435106
4.438210
4.441307
4.444396
4.447479
4.450554
4.453622
4.456682
4.459735
4.462781
4.465819
4.468849
4.471872
4.474887
4.477895
4.480895
4.483887
4.486871
4.489847
4.492815
4.495776
4.498728
4.501673
4.504609
4.507537
4.510457
4.513368
4.516272
4.519167
4.522054
4.524932
4.527802
4.530663
4.533516
4.536360
4.539195
4.542022
4.544840
4.547650
4.550450
4.553242
4.556025
4.558799
4.561564
4.564320
4.567067
4.569804
4.572533
4.575252
4.577962
4.580663
4.583355
4.586037
4.588710
4.591373
4.594027
4.596671
4.599306
4.601931
4.604546
4.607152
4.609748
4.612334
4.614910
4.617477
4.620033
4.622580
4.625116
4.627643
4.630159
4.632665
4.635161
4.637647
4.640123
4.642588
4.645043
4.647488
4.649922
4.652346
4.654759
4.657162
4.659554
4.661935
4.664306
4.666666
4.669015
4.671354
4.673681
4.675998
4.678304
4.680599
4.682883
4.685156
4.687417
4.689668
4.691908
4.694136
4.696353
4.698559
4.700753
4.702936
4.705108
4.707268
4.709417
4.711554
4.713680
4.715794
4.717896
4.719987
4.722066
4.724133
4.726188
4.728232
4.730263
4.732283
4.734291
4.736287
4.738270
4.740242
4.742201
4.744148
4.746083
4.748006
4.749917
4.751815
4.753701
4.755574
4.757435
4.759284
4.761119
4.762943
4.764754
4.766552
4.768337
4.770110
4.771869
4.773617
4.775351
4.777072
4.778781
4.780476
4.782159
4.783828
4.785484
4.787128
4.788758
4.790375
4.791978
4.793569
4.795146
4.796709
4.798260
4.799796
4.801320
4.802830
4.804326
4.805809
4.807278
4.808733
4.810175
4.811603
4.813017
4.814418
4.815804
4.817177
4.818535
4.819880
4.821211
4.822527
4.823830
4.825118
4.826393
4.827653
4.828898
4.830130
4.831347
4.832550
4.833738
4.834912
4.836072
4.837217
4.838347
4.839463
4.840565
4.841651
4.842723
4.843780
4.844823
4.845850
4.846863
4.847861
4.848843
4.849811
4.850764
4.851702
4.852625
4.853533
4.854425
4.855303
4.856165
4.857011
4.857843
4.858659
4.859460
4.860245
4.861015
4.861769
4.862508
4.863232
4.863939
4.864631
4.865308
4.865969
4.866613
4.867243
4.867856
4.868453
4.869035
4.869600
4.870150
4.870684
4.871201
4.871703
4.872188
4.872657
4.873110
4.873547
4.873968
4.874372
4.874760
4.875131
4.875486
4.875825
4.876147
4.876453
4.876742
4.877014
4.877270
4.877509
4.877732
4.877937
4.878126
4.878298
4.878454
4.878592
4.878714
4.878818
4.878906
4.878976
4.879030
4.879066
4.879085
4.879087
4.879072
4.879040
4.878990
4.878923
4.878839
4.878737
4.878618
4.878482
4.878328
4.878156
4.877967
4.877761
4.877536
4.877295
4.877035
4.876758
4.876463
4.876150
4.875819
4.875470
4.875104
4.874720
4.874317
4.873897
4.873458
4.873002
4.872528
4.872035
4.871524
4.870995
4.870448
4.869882
4.869299
4.868696
4.868076
4.867437
4.866780
4.866104
4.865410
4.864697
4.863966
4.863216
4.862447
4.861660
4.860854
4.860029
4.859186
4.858324
4.857443
4.856543
4.855625
4.854687
4.853730
4.852755
4.851761
4.850747
4.849714
4.848663
4.847592
4.846502
4.845393
4.844264
4.843117
4.841950
4.840764
4.839558
4.838333
4.837089
4.835825
4.834542
4.833239
4.831917
4.830575
4.829214
4.827833
4.826432
4.825012
4.823573
4.822113
4.820634
4.819134
4.817615
4.816077
4.814518
4.812940
4.811341
4.809723
4.808085
4.806426
4.804748
4.803050
4.801331
4.799593
4.797834
4.796055
4.794256
4.792437
4.790597
4.788738
4.786858
4.784958
4.783037
4.781096
4.779135
4.777153
4.775151
4.773128
4.771085
4.769022
4.766937
4.764833
4.762707
4.760562
4.758395
4.756208
4.754000
4.751772
4.749522
4.747253
4.744962
4.742651
4.740318
4.737965
4.735592
4.733197
4.730781
4.728345
4.725887
4.723409
4.720910
4.718389
4.715848
4.713286
4.710702
4.708098
4.705472
4.702826
4.700158
4.697469
4.694759
4.692028
4.689275
4.686502
4.683707
4.680891
4.678054
4.675195
4.672315
4.669414
4.666492
4.663548
4.660583
4.657597
4.654589
4.651559
4.648509
4.645437
4.642343
4.639228
4.636092
4.632934
4.629755
4.626554
4.623332
4.620088
4.616822
4.613535
4.610227
4.606897
4.603545
4.600172
4.596777
4.593361
4.589923
4.586463
4.582982
4.579479
4.575955
4.572409
4.568841
4.565252
4.561640
4.558007
4.554353
4.550677
4.546979
4.543259
4.539518
4.535755
4.531970
4.528164
4.524336
4.520486
4.516614
4.512721
4.508806
4.504869
4.500911
4.496930
4.492928
4.488905
4.484859
4.480792
4.476703
4.472592
4.468460
4.464306
4.460130
4.455932
4.451713
4.447472
4.443209
4.438925
4.434619
4.430291
4.425941
4.421570
4.417177
4.412762
4.408326
4.403868
4.399388
4.394887
4.390364
4.385820
4.381254
4.376666
4.372056
4.367425
4.362773
4.358099
4.353403
4.348686
4.343947
4.339187
4.334405
4.329602
4.324777
4.319931
4.315063
4.310174
4.305263
4.300331
4.295378
4.290403
4.285407
4.280390
4.275351
4.270291
4.265210
4.260107
4.254984
4.249839
4.244673
4.239485
4.234277
4.229048
4.223797
4.218525
4.213232
4.207919
4.202584
4.197228
4.191851
4.186454
4.181035
4.175596
4.170136
4.164655
4.159153
4.153631
4.148088
4.142524
4.136940
4.131335
4.125709
4.120063
4.114396
4.108709
4.103001
4.097273
4.091525
4.085756
4.079967
4.074158
4.068329
4.062479
4.056609
4.050720
4.044810
4.038880
4.032930
4.026960
4.020971
4.014961
4.008932
4.002883
3.996814
3.990726
3.984618
3.978491
3.972344
3.966177
3.959991
3.953786
3.947562
3.941318
3.935055
3.928773
3.922472
3.916152
3.909812
3.903454
3.897077
3.890682
3.884267
3.877834
3.871382
3.864911
3.858423
3.851915
3.845389
3.838845
3.832283
3.825702
3.819103
3.812487
3.805852
3.799199
3.792528
3.785840
3.779134
3.772410
3.765668
3.758909
3.752133
3.745339
3.738528
3.731700
3.724854
3.717992
3.711112
3.704215
3.697302
3.690372
3.683425
3.676461
3.669481
3.662485
3.655472
3.648443
3.641398
3.634336
3.627259
3.620165
3.613056
3.605931
3.598790
3.591633
3.584461
3.577274
3.570071
3.562853
3.555620
3.548372
3.541109
3.533831
3.526539
3.519231
3.511909
3.504573
3.497222
3.489857
3.482478
3.475084
3.467677
3.460256
3.452821
3.445373
3.437910
3.430435
3.422946
3.415444
3.407928
3.400400
3.392859
3.385305
3.377738
3.370159
3.362567
3.354963
3.347347
3.339719
3.332079
3.324426
3.316763
3.309087
3.301400
3.293702
3.285992
3.278271
3.270539
3.262797
3.255043
3.247279
3.239504
3.231719
3.223924
3.216119
3.208303
3.200478
3.192643
3.184799
3.176945
3.169081
3.161209
3.153327
3.145437
3.137537
3.617465
3.610326
3.603171
3.596002
3.588817
3.581617
3.574403
3.567174
3.559930
3.552672
3.545399
3.538113
3.530812
3.523497
3.516169
3.508826
3.501471
3.494101
3.486719
3.479323
3.471915
3.464493
3.457059
3.449613
3.442154
3.434683
3.427199
3.419703
3.412196
3.404677
3.397147
3.389605
3.382051
3.374487
3.366912
3.359326
3.351729
3.344122
3.336505
3.328878
3.321240
3.313593
3.305936
3.298269
3.290593
3.282908
3.275213
3.267511
3.259799
3.252078
3.244350
3.236613
3.228868
3.221115
3.213355
3.205587
3.197812
3.190030
3.182240
3.174444
3.166641
3.158832
3.151016
3.143194
3.135367
3.127534
3.119695
3.111851
3.104001
3.096147
3.088288
3.080424
3.072556
3.064683
3.056807
3.048927
3.041043
3.033155
3.025265
3.017371
3.009474
3.001575
2.993673
2.985769
2.977863
2.969955
2.962045
2.954134
2.946221
2.938308
2.930393
2.922478
2.914563
2.906647
2.898732
2.890816
2.882901
2.874986
2.867072
2.859160
2.851248
2.843338
2.835430
2.827523
2.819619
2.811717
2.803817
2.795921
2.788027
2.780136
2.772249
2.764366
2.756487
2.748611
2.740740
2.732873
2.725012
2.717155
2.709304
2.701457
2.693617
2.685783
2.677954
2.670132
2.662318
2.654509
2.646708
2.638914
2.631128
2.623349
2.615578
2.607816
2.600063
2.592318
2.584582
2.576855
2.569138
2.561431
2.553733
2.546046
2.538369
2.530703
2.523047
2.515403
2.507771
2.500150
2.492541
2.484944
2.477360
2.469788
2.462229
2.454683
2.447151
2.439633
2.432128
2.424638
2.417162
2.409700
2.402254
2.394823
2.387407
2.380007
2.372623
2.365255
2.357904
2.350569
2.343251
2.335951
2.328668
2.321402
2.314155
2.306926
2.299716
2.292524
2.285351
2.278198
2.271065
2.263950
2.256857
2.249783
2.242730
2.235698
2.228687
2.221698
2.214730
2.207784
2.200860
2.193958
2.187080
2.180224
2.173391
2.166582
2.159797
2.153036
2.146299
2.139586
2.132899
2.126236
2.119599
2.112987
2.106401
1.832048
1.827052
1.822088
1.817156
1.812256
1.807390
1.802556
1.797755
1.792987
1.788253
1.783553
1.778887
1.774255
1.769657
1.765095
1.760567
1.756074
1.751616
1.747194
1.742807
1.738457
1.734143
1.729865
1.725623
1.721419
1.717252
1.713121
1.709029
1.704974
1.700956
1.696977
1.693036
1.689134
1.685270
1.681446
1.677660
1.673914
1.670207
1.666540
1.662913
1.659326
1.655779
1.652273
1.648808
1.645383
1.642000
1.638658
1.635357
1.632098
1.628881
1.625706
1.622574
1.619484
1.616436
1.613431
1.610470
1.607551
1.604676
1.601845
1.599057
1.596313
1.593614
1.590958
1.588347
1.585781
1.583259
1.580783
1.578351
1.575965
1.573624
1.571329
1.569080
1.566877
1.564720
1.562609
1.560545
1.558527
1.556556
1.554632
1.552755
1.550925
1.549143
1.547408
1.545720
1.544081
1.542489
1.540946
1.539451
1.538004
1.536606
1.535256
1.533955
1.532703
1.531501
1.530347
1.529242
1.528187
1.527182
1.526226
1.525320
1.524464
1.523657
1.522901
1.522196
1.521540
1.520935
1.520381
1.519877
1.519424
1.519022
1.518670
1.518370
1.518121
1.517923
1.517777
1.517682
1.517639
1.517647
1.517706
1.517818
1.517981
1.518197
1.518464
1.518783
1.519155
1.519578
1.520054
1.520582
1.521163
1.521796
1.522482
1.523220
1.524010
1.524854
1.525750
1.526698
1.527700
1.528754
1.529862
1.531022
1.532235
1.533501
1.534820
1.536192
1.537618
1.539096
1.540627
1.542212
1.543849
1.545540
1.547284
1.549081
1.550932
1.552835
1.554792
1.556802
1.558865
1.560981
1.563150
1.565373
1.567648
1.569977
1.572359
1.574794
1.577282
1.579823
1.582417
1.585064
1.587764
1.590517
1.593323
1.596181
1.599093
1.602057
1.605074
1.608144
1.611266
1.614441
1.617668
1.620948
1.624280
1.627664
1.631101
1.634590
1.638131
1.641724
1.645369
1.649065
1.652814
1.656614
1.660466
1.664370
1.668325
1.672331
1.676389
1.680498
1.684657
1.688868
1.693130
1.697442
1.701805
1.706219
1.710683
1.715197
1.719762
1.724376
1.729041
1.733755
1.738519
1.743332
1.748195
1.753107
1.758068
1.763079
1.768138
1.773246
1.778402
1.783607
1.788859
1.794161
1.799509
1.804906
1.810351
1.815842
1.821381
1.826968
1.832601
1.838281
1.844007
1.849780
1.855599
1.861464
1.867375
1.873332
1.879334
1.885381
1.891474
1.897611
1.903793
1.910020
1.916291
1.922606
1.928965
1.935367
1.941813
1.948303
1.954835
1.961410
1.968028
1.974688
1.981391
1.988135
1.994921
2.001748
2.008617
2.015527
2.022478
2.029469
2.036500
2.043572
2.050683
2.057834
2.065024
2.072253
2.079522
2.086828
2.094174
2.101557
2.108978
2.116437
2.123933
2.131466
2.139035
2.146642
2.154284
2.161963
2.169677
2.177427
2.185212
2.193032
2.200887
2.208776
2.216699
2.224655
2.232646
2.240669
2.248726
2.256815
2.264937
2.273090
2.281276
2.289493
2.297741
2.306020
2.314330
2.322670
2.331040
2.339440
2.347870
2.356328
2.364816
2.373332
2.381876
2.390448
2.399048
2.407675
2.416329
2.425010
2.433718
2.442451
2.451210
2.459995
2.468805
2.477639
2.486499
2.495382
2.504290
2.513221
2.522175
2.531152
2.540152
2.549174
2.558218
2.567284
2.576371
2.585479
2.594608
2.603758
2.612927
2.622116
2.631325
2.640553
2.649799
2.659064
2.668347
2.677648
2.686966
2.696301
2.705654
2.715022
2.724407
2.733808
2.743224
2.752655
2.762102
2.771562
2.781037
2.790526
2.800028
2.809544
2.819072
2.828613
2.838166
2.847731
2.857308
2.866896
2.876494
2.886103
2.895723
2.905352
2.914991
2.924639
2.934297
2.943962
2.953636
2.963318
2.973008
2.982705
2.992409
3.002119
3.011836
3.021558
3.031287
3.041021
3.050759
3.060503
3.070251
3.080002
3.089758
3.099517
3.109279
3.119044
3.128811
3.138580
3.148351
3.158124
3.167898
3.177672
3.187447
3.197223
3.206998
3.216773
3.226547
3.236320
3.246092
3.255862
3.265630
3.275395
3.285159
3.294919
3.304676
3.314430
3.324179
3.333925
3.343666
3.353403
3.363134
3.372860
3.382581
3.392295
3.402004
3.411705
3.421400
3.431088
3.440769
3.450442
3.460107
3.469763
3.479411
3.489051
3.498681
3.508301
3.517912
3.527513
3.537104
3.546684
3.556254
3.565812
3.575359
3.584894
3.594418
3.603929
3.613427
3.622913
3.632386
3.641846
3.651292
3.660725
3.670143
3.679547
3.688937
3.698311
3.707671
3.717015
3.726344
3.735657
3.744953
3.754234
3.763497
3.772744
3.781974
3.791187
3.800381
3.809559
3.818718
3.827858
3.836980
3.846084
3.855168
3.864234
3.873279
3.882305
3.891312
3.900298
3.909263
3.918208
3.927133
3.936036
3.944918
3.953778
3.962617
3.971434
3.980229
3.989002
3.997752
4.006480
4.015184
4.023865
4.032524
4.041158
4.049769
4.058356
4.066919
4.075457
4.083971
4.092461
4.100925
4.109365
4.117779
4.126168
4.134531
4.142868
4.151180
4.159465
4.167724
4.175957
4.184163
4.192342
4.200494
4.208619
4.216717
4.224787
4.232830
4.240845
4.248832
4.256791
4.264721
4.272624
4.280497
4.288342
4.296158
4.303945
4.311703
4.319432
4.327131
4.334801
4.342441
4.350051
4.357631
4.365182
4.372701
4.380191
4.387650
4.395079
4.402477
4.409844
4.417180
4.424484
4.431758
4.439001
4.446212
4.453391
4.460539
4.467655
4.474739
4.481792
4.488812
4.495800
4.502756
4.509679
4.516570
4.523429
4.530254
4.537048
4.543808
4.550535
4.557229
4.563891
4.570519
4.577114
4.583675
4.590203
4.596698
4.603159
4.609586
4.615980
4.622340
4.628666
4.634958
4.641216
4.647441
4.653631
4.659786
4.665908
4.671995
4.678048
4.684067
4.690051
4.696001
4.701916
4.707797
4.713642
4.719454
4.725230
4.730972
4.736678
4.742350
4.747987
4.753589
4.759156
4.764688
4.770185
4.775647
4.781074
4.786466
4.791822
4.797143
4.802429
4.807680
4.812896
4.818076
4.823221
4.828330
4.833405
4.838443
4.843447
4.848415
4.853348
4.858245
4.863107
4.867933
4.872724
4.877480
4.882200
4.886884
4.891534
4.896147
4.900725
4.905268
4.909776
4.914248
4.918684
4.923085
4.927451
4.931781
4.936076
4.940335
4.944559
4.948748
4.952901
4.957019
4.961101
4.965149
4.969161
4.973138
4.977079
4.980985
4.984857
4.988693
4.992493
4.996259
4.999990
5.003685
5.007346
5.010971
5.014562
5.018117
5.021638
5.025124
5.028575
5.031991
5.035373
5.038719
5.042031
5.045309
5.048552
5.051760
5.054934
5.058073
5.061178
5.064248
5.067285
5.070286
5.073254
5.076188
5.079087
5.081952
5.084784
5.087581
5.090344
5.093074
5.095770
5.098431
5.101060
5.103654
5.106215
5.108743
5.111237
5.113698
5.116125
5.118519
5.120880
5.123208
5.125502
5.127764
5.129993
5.132188
5.134351
5.136482
5.138579
5.140644
5.142677
5.144677
5.146644
5.148579
5.150482
5.152353
5.154192
5.155999
5.157773
5.159516
5.161227
5.162907
5.164554
5.166170
5.167755
5.169308
5.170830
5.172321
5.173780
5.175209
5.176606
5.177973
5.179308
5.180613
5.181888
5.183131
5.184344
5.185527
5.186680
5.187802
5.188894
5.189956
5.190988
5.191990
5.192962
5.193905
5.194818
5.195701
5.196555
5.197380
5.198175
5.198942
5.199679
5.200387
5.201066
5.201717
5.202339
5.202932
5.203497
5.204033
5.204541
5.205021
5.205472
5.205896
5.206291
5.206659
5.206999
5.207312
5.207596
5.207854
5.208084
5.208287
5.208462
5.208611
5.208733
5.208827
5.208895
5.208937
5.208951
5.208940
5.208902
5.208837
5.208747
5.208631
5.208488
5.208320
5.208126
5.207906
5.207661
5.207390
5.207094
5.206773
5.206427
5.206055
5.205659
5.205238
5.204792
5.204321
5.203826
5.203307
5.202763
5.202195
5.201603
5.200987
5.200348
5.199684
5.198997
5.198286
5.197551
5.196794
5.196013
5.195209
5.194382
5.193532
5.192659
5.191763
5.190845
5.189904
5.188941
5.187956
5.186948
5.185918
5.184867
5.183793
5.182698
5.181581
5.180442
5.179282
5.178101
5.176898
5.175675
5.174430
5.173165
5.171878
5.170571
5.169243
5.167895
5.166527
5.165138
5.163729
5.162300
5.160851
5.159382
5.157893
5.156385
5.154857
5.153310
5.151743
5.150158
5.148553
5.146929
5.145286
5.143625
5.141944
5.140246
5.138529
5.136793
5.135039
5.133267
5.131477
5.129669
5.127843
5.126000
5.124139
5.122260
5.120364
5.118450
5.116520
5.114572
5.112608
5.110626
5.108628
5.106613
5.104581
5.102533
5.100469
5.098388
5.096291
5.094178
5.092049
5.089905
5.087744
5.085568
5.083376
5.081169
5.078947
5.076709
5.074457
5.072189
5.069906
5.067609
5.065296
5.062970
5.060628
5.058273
5.055902
5.053518
5.051120
5.048707
5.046281
5.043841
5.041387
5.038920
5.036439
5.033945
5.031437
5.028916
5.026382
5.023835
5.021276
5.018703
5.016118
5.013520
5.010909
5.008286
5.005651
5.003004
5.000344
4.997672
4.994989
4.992294
4.989587
4.986868
4.984138
4.981396
4.978643
4.975879
4.973103
4.970317
4.967519
4.964711
4.961892
4.959062
4.956222
4.953371
4.950510
4.947638
4.944757
4.941865
4.938963
4.936051
4.933129
4.930198
4.927257
4.924306
4.921346
4.918377
4.915398
4.912410
4.909413
4.906407
4.903392
4.900369
4.897336
4.894295
4.891245
4.888187
4.885120
4.882045
4.878962
4.875871
4.872772
4.869665
4.866550
4.863427
4.860297
4.857159
4.854013
4.850860
4.847700
4.844532
4.841358
4.838176
4.834987
4.831791
4.828589
4.825380
4.822164
4.818942
4.815713
4.812478
4.809236
4.805988
4.802734
4.799474
4.796208
4.792936
4.789659
4.786375
4.783086
4.779792
4.776492
4.773186
4.769875
4.766559
4.763238
4.759912
4.756580
4.753244
4.749903
4.746557
4.743206
4.739851
4.736492
4.733127
4.729759
4.726386
4.723009
4.719628
4.716243
4.712853
4.709460
4.706063
4.702662
4.699258
4.695850
4.692438
4.689023
4.685605
4.682183
4.678758
4.675330
4.671899
4.668465
4.665028
4.661588
4.658145
4.654699
4.651251
