COM_Y
3.499973
3.500371
3.500565
3.500755
3.500942
3.501124
3.501303
3.501478
3.501650
3.501817
3.501981
3.502141
3.502298
3.502451
3.502600
3.502745
3.502887
3.503026
3.503161
3.503292
3.503419
3.503544
3.503664
3.503781
3.503895
3.504005
3.504112
3.504215
3.504315
3.504412
3.504505
3.504595
3.504682
3.504765
3.504845
3.504921
3.504995
3.505065
3.505132
3.505195
3.505256
3.505313
3.505367
3.505418
3.505466
3.505511
3.505552
3.505591
3.505626
3.505659
3.505688
3.505714
3.505738
3.505758
3.505775
3.505790
3.505801
3.505810
3.505815
3.505818
3.505818
3.505815
3.505809
3.505800
3.505788
3.505774
3.505757
3.505737
3.505714
3.505689
3.505660
3.505629
3.505596
3.505559
3.505520
3.505479
3.505434
3.505387
3.505338
3.505286
3.505231
3.505174
3.505114
3.505051
3.504986
3.504919
3.504849
3.504776
3.504701
3.504624
3.504544
3.504461
3.504377
3.504289
3.504200
3.504108
3.504014
3.503917
3.503818
3.503716
3.503613
3.503507
3.503398
3.503288
3.503175
3.503060
3.502943
3.502823
3.502701
3.502577
3.502451
3.502323
3.502192
3.502059
3.501925
3.501788
3.501649
3.501507
3.501364
3.501219
3.501071
3.500922
3.500770
3.500617
3.500461
3.500304
3.500144
3.499982
3.499819
3.499653
3.499486
3.499316
3.499145
3.498972
3.498797
3.498620
3.498441
3.498260
3.498077
3.497893
3.497707
3.497518
3.497328
3.497137
3.496943
3.496748
3.496551
3.496352
3.496151
3.495949
3.495745
3.495539
3.495331
3.495122
3.494911
3.494699
3.494484
3.494269
3.494051
3.493832
3.493611
3.493389
3.493165
3.492939
3.492712
3.492483
3.492253
3.492021
3.491787
3.491553
3.491316
3.491078
3.490839
3.490598
3.490355
3.490111
3.489866
3.489619
3.489371
3.489121
3.488870
3.488617
3.488363
3.488108
3.487851
3.487593
3.487333
3.487072
3.486810
3.486546
3.486281
3.486015
3.485747
3.485479
3.485208
3.484937
3.484664
3.484390
3.484115
3.483838
3.483560
3.483281
3.483001
3.482719
3.482437
3.482153
3.481868
3.481581
3.481294
3.481005
3.480715
3.480424
3.480132
3.479839
3.479545
3.479249
3.478952
3.478655
3.478356
3.478056
3.477755
3.477453
3.477149
3.476845
3.476540
3.476233
3.475926
3.475618
3.475308
3.474998
3.474686
3.474374
3.474060
3.473746
3.473430
3.473114
3.472797
3.472478
3.472159
3.471839
3.471518
3.471196
3.470873
3.470549
3.470224
3.469898
3.469572
3.469244
3.468916
3.468586
3.468256
3.467925
3.467593
3.467261
3.466927
3.466593
3.466258
3.465922
3.465585
3.465247
3.464909
3.464569
3.464229
3.463889
3.463547
3.463205
3.462861
3.462518
3.462173
3.461827
3.461481
3.461134
3.460787
3.460439
3.460089
3.459740
3.459389
3.459038
3.458686
3.458334
3.457980
3.457627
3.457272
3.456917
3.456561
3.456204
3.455847
3.455489
3.455131
3.454771
3.454412
3.454051
3.453690
3.453329
3.452966
3.452604
3.452240
3.451876
3.451512
3.451146
3.450780
3.450414
3.450047
3.449680
3.449312
3.448943
3.448574
3.448204
3.447834
3.447463
3.447092
3.446720
3.446348
3.445975
3.445601
3.445227
3.444853
3.444478
3.444103
3.443727
3.443350
3.442973
3.442596
3.442218
3.441840
3.441461
3.441082
3.440702
3.440322
3.439941
3.439560
3.439179
3.438797
3.438414
3.438031
3.437648
3.437264
3.436880
3.436496
3.436111
3.435725
3.435339
3.434953
3.434567
3.434180
3.433792
3.433404
3.433016
3.432628
3.432239
3.431849
3.431459
3.431069
3.430679
3.430288
3.429897
3.429505
3.429113
3.428721
3.428328
3.427935
3.427542
3.427148
3.426754
3.426359
3.425964
3.425569
3.425174
3.424778
3.424382
3.423985
3.423589
3.423191
3.422794
3.422396
3.421998
3.421600
3.421201
3.420802
3.420402
3.420003
3.419603
3.419202
3.418802
3.418401
3.418000
3.417598
3.417196
3.416794
3.416392
3.415989
3.415586
3.415182
3.414779
3.414375
3.413970
3.413566
3.413161
3.412756
3.412351
3.411945
3.411539
3.411133
3.410726
3.410319
3.409912
3.409505
3.409097
3.408689
3.408281
3.407872
3.407463
3.407054
3.406645
3.406235
3.405825
3.405415
3.405004
3.404593
3.404182
3.403771
3.403359
3.402947
3.402535
3.402122
3.401709
3.401296
3.400883
3.400469
3.400055
3.399641
3.399226
3.398811
3.398396
3.397981
3.397565
3.397149
3.396732
3.396316
3.395899
3.395482
3.395064
3.394646
3.394228
3.393810
3.393391
3.392972
3.392552
3.392132
3.391713
3.391292
3.390872
3.390451
3.390029
3.389608
3.389186
3.388763
3.388341
3.387918
3.387494
3.387071
3.386647
3.386222
3.385798
3.385373
3.384947
3.384521
3.384095
3.383669
3.383242
3.382815
3.382387
3.381959
3.381531
3.381102
3.380673
3.380243
3.379813
3.379383
3.378952
3.378521
3.378090
3.377658
3.377225
3.376793
3.376359
3.375926
3.375492
3.375057
3.374622
3.374187
3.373751
3.373315
3.372878
3.372440
3.372003
3.371565
3.371126
3.370687
3.370247
3.369807
3.369366
3.368925
3.368483
3.368041
3.367598
3.367155
3.366711
3.366267
3.365822
3.365376
3.364930
3.364483
3.364036
3.363588
3.363140
3.362691
3.362241
3.361791
3.361340
3.360889
3.360436
3.359984
3.359530
3.359076
3.358622
3.358166
3.357710
3.357253
3.356796
3.356338
3.355879
3.355419
3.354959
3.354498
3.354036
3.353574
3.353110
3.352646
3.352181
3.351716
3.351249
3.350782
3.350314
3.349845
3.349375
3.348905
3.348433
3.347961
3.347488
3.347014
3.346539
3.346063
3.345586
3.345109
3.344630
3.344150
3.343670
3.343188
3.342706
3.342222
3.341738
3.341253
3.340766
3.340279
3.339790
3.339300
3.338810
3.338318
3.337825
3.337331
3.336836
3.336340
3.335842
3.335344
3.334844
3.334343
3.333841
3.333338
3.332834
3.332328
3.331821
3.331313
3.330803
3.330293
3.329780
3.329267
3.328752
3.328236
3.327719
3.327200
3.326680
3.326158
3.325635
3.325111
3.324585
3.324058
3.323529
3.322999
3.322467
3.321933
3.321399
3.320862
3.320324
3.319785
3.319243
3.318701
3.318156
3.317610
3.317062
3.316513
3.315962
3.315409
3.314854
3.314298
3.313739
3.313179
3.312618
3.312054
3.311489
3.310921
3.310352
3.309781
3.309208
3.308633
3.308056
3.307477
3.306896
3.306313
3.305728
3.305141
3.304552
3.303961
3.303367
3.302772
3.302174
3.301574
3.300972
3.300368
3.299761
3.299153
3.298542
3.297928
3.297312
3.296694
3.296074
3.295451
3.294826
3.294198
3.293568
3.292935
3.292300
3.291662
3.291022
3.290379
3.289733
3.289085
3.288434
3.287781
3.287125
3.286466
3.285804
3.285140
3.284472
3.283802
3.283129
3.282453
3.281775
3.281093
3.280408
3.279721
3.279030
3.278336
3.277640
3.276940
3.276237
3.275531
3.274821
3.274109
3.273393
3.272674
3.271952
3.271226
3.270498
3.269765
3.269029
3.268290
3.267548
3.266802
3.266052
3.265299
3.264542
3.263782
3.263018
3.262250
3.261479
3.260703
3.259925
3.259142
3.258355
3.257565
3.256771
3.255972
3.255170
3.254364
3.253554
3.252740
3.251921
3.251099
3.250272
3.249442
3.248607
3.247768
3.246924
3.246076
3.245224
3.244367
3.243506
3.242641
3.241771
3.240896
3.240017
3.239134
3.238245
3.237352
3.236454
3.235552
3.234645
3.233732
3.232816
3.231894
3.230967
3.230035
3.229098
3.228157
3.227210
3.226257
3.225300
3.224338
3.223370
3.222397
3.221419
3.220435
3.219446
3.218451
3.217451
3.216446
3.215435
3.214418
3.213396
3.212367
3.211334
3.210294
3.209249
3.208197
3.207140
3.206077
3.205008
3.203933
3.202852
3.201764
3.200671
3.199571
3.198465
3.197353
3.196234
3.195109
3.193978
3.192840
3.191695
3.190544
3.189387
3.188223
3.187052
3.185874
3.184689
3.183498
3.182300
3.181095
3.179882
3.178663
3.177437
3.176203
3.174963
3.173715
3.172460
3.171197
3.169928
3.168651
3.167366
3.166074
3.164774
3.163467
3.162152
3.160829
3.159498
3.158160
3.156814
3.155459
3.191154
3.190298
3.189437
3.188570
3.187696
3.186816
3.185930
3.185038
3.184139
3.183234
3.182322
3.181404
3.180479
3.179548
3.178610
3.177665
3.176713
3.175755
3.174789
3.173817
3.172838
3.171851
3.170858
3.169857
3.168849
3.167835
3.166812
3.165783
3.164745
3.163701
3.162649
3.161590
3.160522
3.159448
3.158365
3.157274
3.156176
3.155070
3.153956
3.152834
3.151704
3.150566
3.149420
3.148265
3.147102
3.145931
3.144751
3.143563
3.142367
3.141162
3.139948
3.138726
3.137494
3.136254
3.135006
3.133748
3.132481
3.131206
3.129921
3.128627
3.127324
3.126011
3.124689
3.123358
3.122018
3.120668
3.119308
3.117939
3.116560
3.115171
3.113772
3.112364
3.110946
3.109517
3.108079
3.106630
3.105172
3.103703
3.102224
3.100734
3.099234
3.097723
3.096202
3.094670
3.093128
3.091575
3.090011
3.088436
3.086850
3.085253
3.083645
3.082026
3.080396
3.078754
3.077102
3.075438
3.073762
3.072074
3.070376
3.068665
3.066943
3.065209
3.063463
3.061705
3.059936
3.058154
3.056360
3.054554
3.052736
3.050905
3.049062
3.047207
3.045339
3.043458
3.041564
3.039659
3.037740
3.035808
3.033864
3.031906
3.029936
3.027952
3.025955
3.023945
3.021922
3.019884
3.017834
3.015770
3.013693
3.011602
3.009497
3.007378
3.005246
3.003099
3.000939
2.998764
2.996575
2.994372
2.992155
2.989924
2.987678
2.985417
2.983142
2.980853
2.978548
2.976229
2.973895
2.971546
2.969183
2.966803
2.964410
2.962001
2.959576
2.957137
2.954682
2.952212
2.949725
2.947224
2.944707
2.942174
2.939625
2.937060
2.934480
2.931884
2.929271
2.926643
2.923998
2.921337
2.918660
2.915966
2.913255
2.910529
2.907786
2.905026
2.902249
2.899456
2.896646
2.893818
2.890974
2.888113
2.885235
2.882339
2.879426
2.876496
2.873549
2.870584
2.867602
2.864601
2.861584
2.858548
2.855495
2.852424
2.849336
2.846229
2.843105
2.839962
2.836801
2.833622
2.830424
2.827208
2.823974
2.440070
2.436220
2.432351
2.428464
2.424559
2.420635
2.416692
2.412731
2.408751
2.404752
2.400735
2.396698
2.392643
2.388568
2.384475
2.380363
2.376231
2.372081
2.367911
2.363722
2.359514
2.355287
2.351040
2.346774
2.342489
2.338184
2.333860
2.329516
2.325153
2.320770
2.316368
2.311946
2.307504
2.303043
2.298562
2.294061
2.289541
2.285000
2.280440
2.275860
2.271260
2.266640
2.262000
2.257340
2.252660
2.247960
2.243240
2.238500
2.233740
2.228959
2.224159
2.219338
2.214497
2.209636
2.204754
2.199852
2.194930
2.189988
2.185025
2.180042
2.175038
2.170014
2.164970
2.159905
2.154820
2.149714
2.144588
2.139441
2.134274
2.129086
2.123877
2.118648
2.113399
2.108129
2.102838
2.097527
2.092195
2.086843
2.081470
2.076076
2.070662
2.065227
2.059771
2.054295
2.048798
2.043280
2.037742
2.032183
2.026604
2.021004
2.015383
2.009741
2.004079
1.998396
1.992693
1.986969
1.981224
1.975459
1.969673
1.963866
1.958039
1.952191
1.946323
1.940434
1.934524
1.928594
1.922644
1.916673
1.910681
1.904669
1.898636
1.892583
1.886510
1.880416
1.874301
1.868166
1.862011
1.855836
1.849640
1.843424
1.837187
1.830931
1.824654
1.818357
1.812039
1.805702
1.799344
1.792966
1.786569
1.780151
1.773713
1.767255
1.760778
1.754280
1.747762
1.741225
1.734668
1.728091
1.721494
1.714878
1.708242
1.701587
1.694911
1.688217
1.681503
1.674769
1.668016
1.661244
1.654452
1.647641
1.640811
1.633962
1.627094
1.620206
1.613300
1.606375
1.599430
1.592467
1.585485
1.578485
1.571466
1.564428
1.557371
1.550296
1.543203
1.536091
1.528961
1.521812
1.514646
1.507461
1.500258
1.493037
1.485798
1.478542
1.471267
1.463975
1.456665
1.449337
1.441992
1.434630
1.427250
1.419852
1.412438
1.405006
1.397558
1.390092
1.382609
1.375109
1.367593
1.360060
1.352510
1.344944
1.337361
1.329762
1.322147
1.314515
1.306868
1.299204
1.291524
1.283828
1.276117
1.268390
1.260647
1.252889
1.245115
1.237326
1.229522
1.221703
1.213868
1.206019
1.198155
1.190276
1.182382
1.174474
1.166551
1.158614
1.150662
1.142697
1.134717
1.126723
1.118716
1.110694
1.102659
1.094610
1.086548
1.078473
1.070384
1.062282
1.054167
1.046040
1.037899
1.029745
1.021579
1.013401
1.005210
0.997007
0.988791
0.980564
0.972324
0.964073
0.955810
0.947536
0.939250
0.930952
0.922643
0.914324
0.905993
0.897651
0.889298
0.880935
0.872561
0.864177
0.855782
0.847378
0.838963
0.830538
0.822103
0.813659
0.805205
0.796742
0.788269
0.779787
0.771296
0.762796
0.754287
0.745770
0.737243
0.728709
0.720166
0.711615
0.703055
0.694488
0.685913
0.677330
0.668740
0.660142
0.651537
0.642925
0.634305
0.625679
0.617046
0.608406
0.599760
0.591108
0.582449
0.573784
0.565113
0.556436
0.547753
0.539065
0.530371
0.521672
0.512967
0.504258
0.495544
0.486825
0.478101
0.469372
0.460640
0.451903
0.443161
0.434416
0.425667
0.416915
0.408158
0.399398
0.390635
0.381869
0.373099
0.364327
0.355552
0.346774
0.337994
0.329211
0.320426
0.311639
0.302850
0.294060
0.285267
0.276473
0.267678
0.258881
0.250083
0.241284
0.232484
0.223683
0.214882
0.206081
0.197278
0.188476
0.179674
0.170872
0.162070
0.153268
0.144467
0.135666
0.126866
0.118067
0.109269
0.100472
0.091676
0.082882
0.074089
0.065298
0.056509
0.047721
0.038936
0.030153
0.021372
0.012594
0.003818
-0.004954
-0.013725
-0.022492
-0.031256
-0.040016
-0.048774
-0.057528
-0.066278
-0.075024
-0.083767
-0.092505
-0.101240
-0.109970
-0.118695
-0.127416
-0.136133
-0.144844
-0.153551
-0.162253
-0.170949
-0.179641
-0.188326
-0.197007
-0.205681
-0.214350
-0.223013
-0.231670
-0.240320
-0.248965
-0.257603
-0.266234
-0.274859
-0.283477
-0.292088
-0.300692
-0.309289
-0.317879
-0.326461
-0.335036
-0.343604
-0.352163
-0.360715
-0.369259
-0.377794
-0.386322
-0.394841
-0.403352
-0.411855
-0.420348
-0.428833
-0.437309
-0.445776
-0.454234
-0.462683
-0.471123
-0.479553
-0.487974
-0.496385
-0.504786
-0.513177
-0.521559
-0.529930
-0.538292
-0.546643
-0.554983
-0.563314
-0.571633
-0.579942
-0.588240
-0.596528
-0.604804
-0.613069
-0.621323
-0.629566
-0.637797
-0.646017
-0.654226
-0.662422
-0.670607
-0.678780
-0.686941
-0.695090
-0.703227
-0.711352
-0.719464
-0.727564
-0.735652
-0.743727
-0.751789
-0.759838
-0.767875
-0.775898
-0.783909
-0.791906
-0.799890
-0.807861
-0.815819
-0.823763
-0.831693
-0.839610
-0.847513
-0.855403
-0.863278
-0.871140
-0.878987
-0.886821
-0.894640
-0.902445
-0.910236
-0.918012
-0.925773
-0.933521
-0.941253
-0.948971
-0.956674
-0.964362
-0.972035
-0.979693
-0.987337
-0.994965
-1.002577
-1.010175
-1.017757
-1.025324
-1.032875
-1.040411
-1.047931
-1.055436
-1.062924
-1.070397
-1.077855
-1.085296
-1.092721
-1.100130
-1.107523
-1.114900
-1.122261
-1.129606
-1.136934
-1.144245
-1.151541
-1.158820
-1.166082
-1.173328
-1.180557
-1.187769
-1.194965
-1.202144
-1.209306
-1.216451
-1.223579
-1.230690
-1.237784
-1.244861
-1.251921
-1.258964
-1.265989
-1.272997
-1.279988
-1.286962
-1.293918
-1.300857
-1.307778
-1.314682
-1.321568
-1.328436
-1.335287
-1.342121
-1.348936
-1.355734
-1.362514
-1.369276
-1.376021
-1.382747
-1.389456
-1.396147
-1.402819
-1.409474
-1.416111
-1.422729
-1.429330
-1.435912
-1.442476
-1.449022
-1.455550
-1.462059
-1.468551
-1.475024
-1.481478
-1.487915
-1.494333
-1.500732
-1.507114
-1.513476
-1.519821
-1.526147
-1.532454
-1.538743
-1.545013
-1.551265
-1.557498
-1.563713
-1.569909
-1.576087
-1.582246
-1.588386
-1.594507
-1.600610
-1.606695
-1.612760
-1.618807
-1.624835
-1.630844
-1.636835
-1.642807
-1.648760
-1.654695
-1.660610
-1.666507
-1.672385
-1.678244
-1.684085
-1.689906
-1.695709
-1.701493
-1.707258
-1.713005
-1.718732
-1.724441
-1.730131
-1.735802
-1.741454
-1.747088
-1.752702
-1.758298
-1.763875
-1.769433
-1.774972
-1.780492
-1.785993
-1.791476
-1.796940
-1.802385
-1.807811
-1.813219
-1.818607
-1.823977
-1.829328
-1.834660
-1.839973
-1.845268
-1.850544
-1.855801
-1.861039
-1.866259
-1.871460
-1.876642
-1.881805
-1.886950
-1.892076
-1.897183
-1.902272
-1.907342
-1.912393
-1.917426
-1.922440
-1.927435
-1.932412
-1.937370
-1.942310
-1.947231
-1.952134
-1.957018
-1.961883
-1.966731
-1.971559
-1.976369
-1.981161
-1.985934
-1.990689
-1.995426
-2.000144
-2.004844
-2.009525
-2.014188
-2.018833
-2.023460
-2.028068
-2.032659
-2.037230
-2.041784
-2.046320
-2.050837
-2.055337
-2.059818
-2.064281
-2.068726
-2.073153
-2.077562
-2.081954
-2.086327
-2.090682
-2.095019
-2.099339
-2.103640
-2.107924
-2.112190
-2.116438
-2.120669
-2.124882
-2.129077
-2.133254
-2.137414
-2.141556
-2.145681
-2.149788
-2.153877
-2.157949
-2.162004
-2.166041
-2.170060
-2.174063
-2.178048
-2.182015
-2.185965
-2.189899
-2.193814
-2.197713
-2.201594
-2.205459
-2.209306
-2.213136
-2.216949
-2.220745
-2.224524
-2.228287
-2.232032
-2.235760
-2.239472
-2.243167
-2.246844
-2.250506
-2.254150
-2.257778
-2.261389
-2.264984
-2.268562
-2.272123
-2.275668
-2.279196
-2.282708
-2.286204
-2.289683
-2.293146
-2.296593
-2.300023
-2.303437
-2.306835
-2.310217
-2.313582
-2.316932
-2.320265
-2.323583
-2.326884
-2.330170
-2.333439
-2.336693
-2.339931
-2.343153
-2.346360
-2.349550
-2.352725
-2.355885
-2.359029
-2.362157
-2.365270
-2.368367
-2.371448
-2.374515
-2.377566
-2.380601
-2.383622
-2.386627
-2.389617
-2.392591
-2.395551
-2.398495
-2.401425
-2.404339
-2.407238
-2.410123
-2.412992
-2.415847
-2.418686
-2.421511
-2.424321
-2.427117
-2.429898
-2.432664
-2.435416
-2.438153
-2.440875
-2.443583
-2.446277
-2.448956
-2.451621
-2.454271
-2.456908
-2.459530
-2.462137
-2.464731
-2.467311
-2.469876
-2.472427
-2.474965
-2.477488
-2.479998
-2.482494
-2.484975
-2.487443
-2.489898
-2.492338
-2.494765
-2.497178
-2.499578
-2.501964
-2.504337
-2.506696
-2.509042
-2.511374
-2.513693
-2.515999
-2.518291
-2.520570
-2.522836
-2.525089
-2.527329
-2.529555
-2.531769
-2.533970
-2.536157
-2.538332
-2.540494
-2.542643
-2.544780
-2.546903
-2.549014
-2.551112
-2.553198
-2.555271
-2.557331
-2.559379
-2.561415
-2.563438
-2.565449
-2.567447
-2.569433
-2.571407
-2.573369
-2.575318
-2.577255
-2.579181
-2.581094
-2.582995
-2.584884
-2.586761
-2.588627
-2.590480
-2.592322
-2.594152
-2.595970
-2.597776
-2.599571
-2.601354
-2.603126
-2.604886
-2.606634
-2.608371
-2.610097
-2.611811
-2.613514
-2.615206
-2.616887
-2.618556
-2.620214
-2.621861
-2.623497
-2.625121
-2.626735
-2.628338
-2.629929
-2.631510
-2.633080
-2.634640
-2.636188
-2.637726
-2.639252
-2.640769
-2.642274
-2.643769
-2.645254
-2.646728
-2.648191
-2.649644
-2.651087
-2.652519
-2.653941
-2.655353
-2.656754
-2.658146
-2.659527
-2.660898
-2.662258
-2.663609
-2.664950
-2.666281
-2.667601
-2.668912
-2.670213
-2.671505
-2.672786
-2.674058
-2.675320
-2.676572
-2.677814
-2.679047
-2.680271
-2.681485
-2.682689
-2.683884
-2.685069
-2.686246
-2.687412
-2.688570
-2.689718
-2.690857
-2.691987
-2.693107
-2.694219
-2.695321
-2.696414
-2.697498
-2.698574
-2.699640
-2.700697
-2.701746
-2.702785
-2.703816
-2.704838
-2.705852
-2.706856
-2.707852
-2.708840
-2.709818
-2.710788
-2.711750
-2.712703
-2.713648
-2.714584
-2.715512
-2.716431
-2.717343
-2.718246
-2.719140
-2.720027
-2.720905
-2.721775
-2.722637
-2.723491
-2.724337
-2.725175
-2.726004
-2.726826
-2.727640
-2.728446
-2.729245
-2.730035
-2.730818
-2.731593
-2.732360
-2.733119
-2.733871
-2.734616
-2.735352
-2.736081
-2.736803
-2.737517
-2.738224
-2.738923
-2.739615
-2.740299
-2.740976
-2.741646
-2.742309
-2.742964
-2.743613
-2.744254
-2.744887
-2.745514
-2.746134
-2.746747
-2.747352
-2.747951
-2.748543
-2.749128
-2.749705
-2.750277
-2.750841
-2.751398
-2.751949
-2.752493
-2.753030
-2.753561
-2.754085
-2.754602
-2.755113
-2.755617
-2.756115
-2.756606
-2.757091
-2.757569
-2.758041
-2.758506
-2.758965
-2.759418
-2.759865
-2.760305
-2.760739
-2.761167
-2.761589
-2.762004
-2.762414
-2.762817
-2.763214
-2.763606
-2.763991
-2.764370
-2.764744
-2.765111
-2.765473
-2.765828
-2.766178
-2.766522
-2.766861
-2.767193
-2.767520
-2.767841
-2.768157
-2.768466
