COM
-11.000027	0.000025	-0.000001
-10.999627	-0.000975	0.000199
-10.999427	-0.001475	0.000299
-10.999227	-0.001975	0.000399
-10.999027	-0.002475	0.000500
-10.998827	-0.002975	0.000600
-10.998627	-0.003475	0.000700
-10.998427	-0.003975	0.000800
-10.998227	-0.004475	0.000900
-10.998027	-0.004975	0.001000
-10.997827	-0.005475	0.001100
-10.997627	-0.005975	0.001200
-10.997427	-0.006475	0.001300
-10.997228	-0.006975	0.001400
-10.997028	-0.007475	0.001500
-10.996828	-0.007975	0.001600
-10.996628	-0.008475	0.001700
-10.996428	-0.008976	0.001800
-10.996228	-0.009476	0.001900
-10.996028	-0.009976	0.002000
-10.995828	-0.010476	0.002100
-10.995628	-0.010976	0.002200
-10.995428	-0.011476	0.002300
-10.995228	-0.011976	0.002400
-10.995028	-0.012476	0.002500
-10.994828	-0.012976	0.002600
-10.994628	-0.013476	0.002700
-10.994428	-0.013976	0.002800
-10.994228	-0.014476	0.002900
-10.994028	-0.014976	0.003000
-10.993828	-0.015476	0.003100
-10.993628	-0.015976	0.003200
-10.993428	-0.016476	0.003300
-10.993228	-0.016976	0.003400
-10.993028	-0.017476	0.003500
-10.992828	-0.017976	0.003600
-10.992628	-0.018476	0.003700
-10.992428	-0.018976	0.003800
-10.992228	-0.019476	0.003900
-10.992028	-0.019976	0.004000
-10.991828	-0.020477	0.004100
-10.991628	-0.020977	0.004200
-10.991428	-0.021477	0.004300
-10.991228	-0.021977	0.004400
-10.991028	-0.022477	0.004500
-10.990828	-0.022977	0.004600
-10.990628	-0.023477	0.004700
-10.990428	-0.023977	0.004800
-10.990228	-0.024477	0.004900
-10.990028	-0.024977	0.005000
-10.989828	-0.025477	0.005100
-10.989628	-0.025977	0.005200
-10.989428	-0.026477	0.005301
-10.989228	-0.026977	0.005401
-10.989028	-0.027477	0.005501
-10.988828	-0.027977	0.005601
-10.988628	-0.028477	0.005701
-10.988428	-0.028977	0.005801
-10.988228	-0.029477	0.005901
-10.988028	-0.029977	0.006001
-10.987828	-0.030477	0.006101
-10.987628	-0.030977	0.006201
-10.987428	-0.031477	0.006301
-10.987228	-0.031977	0.006401
-10.987028	-0.032478	0.006501
-10.986828	-0.032978	0.006601
-10.986628	-0.033478	0.006701
-10.986428	-0.033978	0.006801
-10.986228	-0.034478	0.006901
-10.986028	-0.034978	0.007001
-10.985828	-0.035478	0.007101
-10.985628	-0.035978	0.007201
-10.985428	-0.036478	0.007301
-10.985228	-0.036978	0.007401
-10.985028	-0.037478	0.007501
-10.984828	-0.037978	0.007601
-10.984628	-0.038478	0.007701
-10.984428	-0.038978	0.007801
-10.984228	-0.039478	0.007901
-10.984028	-0.039978	0.008001
-10.983828	-0.040478	0.008101
-10.983628	-0.040978	0.008201
-10.983428	-0.041478	0.008301
-10.983228	-0.041978	0.008401
-10.983028	-0.042478	0.008501
-10.982828	-0.042978	0.008601
-10.982628	-0.043478	0.008701
-10.982428	-0.043979	0.008801
-10.982228	-0.044479	0.008901
-10.982028	-0.044979	0.009001
-10.981828	-0.045479	0.009101
-10.981628	-0.045979	0.009201
-10.981428	-0.046479	0.009301
-10.981228	-0.046979	0.009401
-10.981028	-0.047479	0.009501
-10.980828	-0.047979	0.009601
-10.980628	-0.048479	0.009701
-10.980428	-0.048979	0.009801
-10.980228	-0.049479	0.009901
-10.980028	-0.049979	0.010001
-10.979828	-0.050479	0.010102
-10.979628	-0.050979	0.010202
-10.979428	-0.051479	0.010302
-10.979228	-0.051979	0.010402
-10.979028	-0.052479	0.010502
-10.978828	-0.052979	0.010602
-10.978628	-0.053479	0.010702
-10.978428	-0.053979	0.010802
-10.978228	-0.054479	0.010902
-10.978028	-0.054979	0.011002
-10.977828	-0.055480	0.011102
-10.977628	-0.055980	0.011202
-10.977428	-0.056480	0.011302
-10.977228	-0.056980	0.011402
-10.977028	-0.057480	0.011502
-10.976828	-0.057980	0.011602
-10.976628	-0.058480	0.011702
-10.976428	-0.058980	0.011802
-10.976228	-0.059480	0.011902
-10.976028	-0.059980	0.012002
-10.975828	-0.060480	0.012102
-10.975628	-0.060980	0.012202
-10.975428	-0.061480	0.012302
-10.975228	-0.061980	0.012402
-10.975028	-0.062480	0.012502
-10.974828	-0.062980	0.012602
-10.974628	-0.063480	0.012702
-10.974428	-0.063980	0.012802
-10.974228	-0.064480	0.012902
-10.974028	-0.064980	0.013002
-10.973828	-0.065480	0.013102
-10.973628	-0.065980	0.013202
-10.973428	-0.066480	0.013302
-10.973228	-0.066980	0.013402
-10.973028	-0.067481	0.013502
-10.972828	-0.067981	0.013602
-10.972628	-0.068481	0.013702
-10.972428	-0.068981	0.013802
-10.972228	-0.069481	0.013902
-10.972029	-0.069981	0.014002
-10.971829	-0.070481	0.014102
-10.971629	-0.070981	0.014202
-10.971429	-0.071481	0.014302
-10.971229	-0.071981	0.014402
-10.971029	-0.072481	0.014502
-10.970829	-0.072981	0.014602
-10.970629	-0.073481	0.014702
-10.970429	-0.073981	0.014802
-10.970229	-0.074481	0.014903
-10.970029	-0.074981	0.015003
-10.969829	-0.075481	0.015103
-10.969629	-0.075981	0.015203
-10.969429	-0.076481	0.015303
-10.969229	-0.076981	0.015403
-10.969029	-0.077481	0.015503
-10.968829	-0.077981	0.015603
-10.968629	-0.078481	0.015703
-10.968429	-0.078982	0.015803
-10.968229	-0.079482	0.015903
-10.968029	-0.079982	0.016003
-10.967829	-0.080482	0.016103
-10.967629	-0.080982	0.016203
-10.967429	-0.081482	0.016303
-10.967229	-0.081982	0.016403
-10.967029	-0.082482	0.016503
-10.966829	-0.082982	0.016603
-10.966629	-0.083482	0.016703
-10.966429	-0.083982	0.016803
-10.966229	-0.084482	0.016903
-10.966029	-0.084982	0.017003
-10.965829	-0.085482	0.017103
-10.965629	-0.085982	0.017203
-10.965429	-0.086482	0.017303
-10.965229	-0.086982	0.017403
-10.965029	-0.087482	0.017503
-10.964829	-0.087982	0.017603
-10.964629	-0.088482	0.017703
-10.964429	-0.088982	0.017803
-10.964229	-0.089482	0.017903
-10.964029	-0.089982	0.018003
-10.963829	-0.090482	0.018103
-10.963629	-0.090983	0.018203
-10.963429	-0.091483	0.018303
-10.963229	-0.091983	0.018403
-10.963029	-0.092483	0.018503
-10.962829	-0.092983	0.018603
-10.962629	-0.093483	0.018703
-10.962429	-0.093983	0.018803
-10.962229	-0.094483	0.018903
-10.962029	-0.094983	0.019003
-10.961829	-0.095483	0.019103
-10.961629	-0.095983	0.019203
-10.961429	-0.096483	0.019303
-10.961229	-0.096983	0.019403
-10.961029	-0.097483	0.019503
-10.960829	-0.097983	0.019603
-10.960629	-0.098483	0.019704
-10.960429	-0.098983	0.019804
-10.960229	-0.099483	0.019904
-10.960029	-0.099983	0.020004
-10.959829	-0.100483	0.020104
-10.959629	-0.100983	0.020204
-10.959429	-0.101483	0.020304
-10.959229	-0.101983	0.020404
-10.959029	-0.102484	0.020504
-10.958829	-0.102984	0.020604
-10.958629	-0.103484	0.020704
-10.958429	-0.103984	0.020804
-10.958229	-0.104484	0.020904
-10.958029	-0.104984	0.021004
-10.957829	-0.105484	0.021104
-10.957629	-0.105984	0.021204
-10.957429	-0.106484	0.021304
-10.957229	-0.106984	0.021404
-10.957029	-0.107484	0.021504
-10.956829	-0.107984	0.021604
-10.956629	-0.108484	0.021704
-10.956429	-0.108984	0.021804
-10.956229	-0.109484	0.021904
-10.956029	-0.109984	0.022004
-10.955829	-0.110484	0.022104
-10.955629	-0.110984	0.022204
-10.955429	-0.111484	0.022304
-10.955229	-0.111984	0.022404
-10.955029	-0.112484	0.022504
-10.954829	-0.112984	0.022604
-10.954629	-0.113484	0.022704
-10.954429	-0.113984	0.022804
-10.954229	-0.114485	0.022904
-10.954029	-0.114985	0.023004
-10.953829	-0.115485	0.023104
-10.953629	-0.115985	0.023204
-10.953429	-0.116485	0.023304
-10.953229	-0.116985	0.023404
-10.953029	-0.117485	0.023504
-10.952829	-0.117985	0.023604
-10.952629	-0.118485	0.023704
-10.952429	-0.118985	0.023804
-10.952229	-0.119485	0.023904
-10.952029	-0.119985	0.024004
-10.951829	-0.120485	0.024104
-10.951629	-0.120985	0.024204
-10.951429	-0.121485	0.024304
-10.951229	-0.121985	0.024404
-10.951029	-0.122485	0.024505
-10.950829	-0.122985	0.024605
-10.950629	-0.123485	0.024705
-10.950429	-0.123985	0.024805
-10.950229	-0.124485	0.024905
-10.950029	-0.124985	0.025005
-10.949829	-0.125485	0.025105
-10.949629	-0.125986	0.025205
-10.949429	-0.126486	0.025305
-10.949229	-0.126986	0.025405
-10.949029	-0.127486	0.025505
-10.948829	-0.127986	0.025605
-10.948629	-0.128486	0.025705
-10.948429	-0.128986	0.025805
-10.948229	-0.129486	0.025905
-10.948029	-0.129986	0.026005
-10.947829	-0.130486	0.026105
-10.947629	-0.130986	0.026205
-10.947429	-0.131486	0.026305
-10.947229	-0.131986	0.026405
-10.947029	-0.132486	0.026505
-10.946829	-0.132986	0.026605
-10.946630	-0.133486	0.026705
-10.946430	-0.133986	0.026805
-10.946230	-0.134486	0.026905
-10.946030	-0.134986	0.027005
-10.945830	-0.135486	0.027105
-10.945630	-0.135986	0.027205
-10.945430	-0.136486	0.027305
-10.945230	-0.136986	0.027405
-10.945030	-0.137486	0.027505
-10.944830	-0.137987	0.027605
-10.944630	-0.138487	0.027705
-10.944430	-0.138987	0.027805
-10.944230	-0.139487	0.027905
-10.944030	-0.139987	0.028005
-10.943830	-0.140487	0.028105
-10.943630	-0.140987	0.028205
-10.943430	-0.141487	0.028305
-10.943230	-0.141987	0.028405
-10.943030	-0.142487	0.028505
-10.942830	-0.142987	0.028605
-10.942630	-0.143487	0.028705
-10.942430	-0.143987	0.028805
-10.942230	-0.144487	0.028905
-10.942030	-0.144987	0.029005
-10.941830	-0.145487	0.029105
-10.941630	-0.145987	0.029205
-10.941430	-0.146487	0.029306
-10.941230	-0.146987	0.029406
-10.941030	-0.147487	0.029506
-10.940830	-0.147987	0.029606
-10.940630	-0.148487	0.029706
-10.940430	-0.148987	0.029806
-10.940230	-0.149488	0.029906
-10.940030	-0.149988	0.030006
-10.939830	-0.150488	0.030106
-10.939630	-0.150988	0.030206
-10.939430	-0.151488	0.030306
-10.939230	-0.151988	0.030406
-10.939030	-0.152488	0.030506
-10.938830	-0.152988	0.030606
-10.938630	-0.153488	0.030706
-10.938430	-0.153988	0.030806
-10.938230	-0.154488	0.030906
-10.938030	-0.154988	0.031006
-10.937830	-0.155488	0.031106
-10.937630	-0.155988	0.031206
-10.937430	-0.156488	0.031306
-10.937230	-0.156988	0.031406
-10.937030	-0.157488	0.031506
-10.936830	-0.157988	0.031606
-10.936630	-0.158488	0.031706
-10.936430	-0.158988	0.031806
-10.936230	-0.159488	0.031906
-10.936030	-0.159988	0.032006
-10.935830	-0.160488	0.032106
-10.935630	-0.160988	0.032206
-10.935430	-0.161489	0.032306
-10.935230	-0.161989	0.032406
-10.935030	-0.162489	0.032506
-10.934830	-0.162989	0.032606
-10.934630	-0.163489	0.032706
-10.934430	-0.163989	0.032806
-10.934230	-0.164489	0.032906
-10.934030	-0.164989	0.033006
-10.933830	-0.165489	0.033106
-10.933630	-0.165989	0.033206
-10.933430	-0.166489	0.033306
-10.933230	-0.166989	0.033406
-10.933030	-0.167489	0.033506
-10.932830	-0.167989	0.033606
-10.932630	-0.168489	0.033706
-10.932430	-0.168989	0.033806
-10.932230	-0.169489	0.033906
-10.932030	-0.169989	0.034006
-10.931830	-0.170489	0.034107
-10.931630	-0.170989	0.034207
-10.931430	-0.171489	0.034307
-10.931230	-0.171989	0.034407
-10.931030	-0.172489	0.034507
-10.930830	-0.172990	0.034607
-10.930630	-0.173490	0.034707
-10.930430	-0.173990	0.034807
-10.930230	-0.174490	0.034907
-10.930030	-0.174990	0.035007
-10.929830	-0.175490	0.035107
-10.929630	-0.175990	0.035207
-10.929430	-0.176490	0.035307
-10.929230	-0.176990	0.035407
-10.929030	-0.177490	0.035507
-10.928830	-0.177990	0.035607
-10.928630	-0.178490	0.035707
-10.928430	-0.178990	0.035807
-10.928230	-0.179490	0.035907
-10.928030	-0.179990	0.036007
-10.927830	-0.180490	0.036107
-10.927630	-0.180990	0.036207
-10.927430	-0.181490	0.036307
-10.927230	-0.181990	0.036407
-10.927030	-0.182490	0.036507
-10.926830	-0.182990	0.036607
-10.926630	-0.183490	0.036707
-10.926430	-0.183990	0.036807
-10.926230	-0.184491	0.036907
-10.926030	-0.184991	0.037007
-10.925830	-0.185491	0.037107
-10.925630	-0.185991	0.037207
-10.925430	-0.186491	0.037307
-10.925230	-0.186991	0.037407
-10.925030	-0.187491	0.037507
-10.924830	-0.187991	0.037607
-10.924630	-0.188491	0.037707
-10.924430	-0.188991	0.037807
-10.924230	-0.189491	0.037907
-10.924030	-0.189991	0.038007
-10.923830	-0.190491	0.038107
-10.923630	-0.190991	0.038207
-10.923430	-0.191491	0.038307
-10.923230	-0.191991	0.038407
-10.923030	-0.192491	0.038507
-10.922830	-0.192991	0.038607
-10.922630	-0.193491	0.038707
-10.922430	-0.193991	0.038807
-10.922230	-0.194491	0.038908
-10.922030	-0.194991	0.039008
-10.921830	-0.195491	0.039108
-10.921630	-0.195991	0.039208
-10.921430	-0.196492	0.039308
-10.921231	-0.196992	0.039408
-10.921031	-0.197492	0.039508
-10.920831	-0.197992	0.039608
-10.920631	-0.198492	0.039708
-10.920431	-0.198992	0.039808
-10.920231	-0.199492	0.039908
-10.920031	-0.199992	0.040008
-10.919831	-0.200492	0.040108
-10.919631	-0.200992	0.040208
-10.919431	-0.201492	0.040308
-10.919231	-0.201992	0.040408
-10.919031	-0.202492	0.040508
-10.918831	-0.202992	0.040608
-10.918631	-0.203492	0.040708
-10.918431	-0.203992	0.040808
-10.918231	-0.204492	0.040908
-10.918031	-0.204992	0.041008
-10.917831	-0.205492	0.041108
-10.917631	-0.205992	0.041208
-10.917431	-0.206492	0.041308
-10.917231	-0.206992	0.041408
-10.917031	-0.207492	0.041508
-10.916831	-0.207993	0.041608
-10.916631	-0.208493	0.041708
-10.916431	-0.208993	0.041808
-10.916231	-0.209493	0.041908
-10.916031	-0.209993	0.042008
-10.915831	-0.210493	0.042108
-10.915631	-0.210993	0.042208
-10.915431	-0.211493	0.042308
-10.915231	-0.211993	0.042408
-10.915031	-0.212493	0.042508
-10.914831	-0.212993	0.042608
-10.914631	-0.213493	0.042708
-10.914431	-0.213993	0.042808
-10.914231	-0.214493	0.042908
-10.914031	-0.214993	0.043008
-10.913831	-0.215493	0.043108
-10.913631	-0.215993	0.043208
-10.913431	-0.216493	0.043308
-10.913231	-0.216993	0.043408
-10.913031	-0.217493	0.043508
-10.912831	-0.217993	0.043608
-10.912631	-0.218493	0.043709
-10.912431	-0.218993	0.043809
-10.912231	-0.219493	0.043909
-10.912031	-0.219994	0.044009
-10.911831	-0.220494	0.044109
-10.911631	-0.220994	0.044209
-10.911431	-0.221494	0.044309
-10.911231	-0.221994	0.044409
-10.911031	-0.222494	0.044509
-10.910831	-0.222994	0.044609
-10.910631	-0.223494	0.044709
-10.910431	-0.223994	0.044809
-10.910231	-0.224494	0.044909
-10.910031	-0.224994	0.045009
-10.909831	-0.225494	0.045109
-10.909631	-0.225994	0.045209
-10.909431	-0.226494	0.045309
-10.909231	-0.226994	0.045409
-10.909031	-0.227494	0.045509
-10.908831	-0.227994	0.045609
-10.908631	-0.228494	0.045709
-10.908431	-0.228994	0.045809
-10.908231	-0.229494	0.045909
-10.908031	-0.229994	0.046009
-10.907831	-0.230494	0.046109
-10.907631	-0.230994	0.046209
-10.907431	-0.231495	0.046309
-10.907231	-0.231995	0.046409
-10.907031	-0.232495	0.046509
-10.906831	-0.232995	0.046609
-10.906631	-0.233495	0.046709
-10.906431	-0.233995	0.046809
-10.906231	-0.234495	0.046909
-10.906031	-0.234995	0.047009
-10.905831	-0.235495	0.047109
-10.905631	-0.235995	0.047209
-10.905431	-0.236495	0.047309
-10.905231	-0.236995	0.047409
-10.905031	-0.237495	0.047509
-10.904831	-0.237995	0.047609
-10.904631	-0.238495	0.047709
-10.904431	-0.238995	0.047809
-10.904231	-0.239495	0.047909
-10.904031	-0.239995	0.048009
-10.903831	-0.240495	0.048109
-10.903631	-0.240995	0.048209
-10.903431	-0.241495	0.048309
-10.903231	-0.241995	0.048409
-10.903031	-0.242495	0.048510
-10.902831	-0.242995	0.048610
-10.902631	-0.243496	0.048710
-10.902431	-0.243996	0.048810
-10.902231	-0.244496	0.048910
-10.902031	-0.244996	0.049010
-10.901831	-0.245496	0.049110
-10.901631	-0.245996	0.049210
-10.901431	-0.246496	0.049310
-10.901231	-0.246996	0.049410
-10.901031	-0.247496	0.049510
-10.900831	-0.247996	0.049610
-10.900631	-0.248496	0.049710
-10.900431	-0.248996	0.049810
-10.900231	-0.249496	0.049910
-10.900031	-0.249996	0.050010
-10.899831	-0.250496	0.050110
-10.899631	-0.250996	0.050210
-10.899431	-0.251496	0.050310
-10.899231	-0.251996	0.050410
-10.899031	-0.252496	0.050510
-10.898831	-0.252996	0.050610
-10.898631	-0.253496	0.050710
-10.898431	-0.253996	0.050810
-10.898231	-0.254496	0.050910
-10.898031	-0.254997	0.051010
-10.897831	-0.255497	0.051110
-10.897631	-0.255997	0.051210
-10.897431	-0.256497	0.051310
-10.897231	-0.256997	0.051410
-10.897031	-0.257497	0.051510
-10.896831	-0.257997	0.051610
-10.896631	-0.258497	0.051710
-10.896431	-0.258997	0.051810
-10.896231	-0.259497	0.051910
-10.896031	-0.259997	0.052010
-10.895832	-0.260497	0.052110
-10.895632	-0.260997	0.052210
-10.895432	-0.261497	0.052310
-10.895232	-0.261997	0.052410
-10.895032	-0.262497	0.052510
-10.894832	-0.262997	0.052610
-10.894632	-0.263497	0.052710
-10.894432	-0.263997	0.052810
-10.894232	-0.264497	0.052910
-10.894032	-0.264997	0.053010
-10.893832	-0.265497	0.053110
-10.893632	-0.265997	0.053210
-10.893432	-0.266497	0.053311
-10.893232	-0.266998	0.053411
-10.893032	-0.267498	0.053511
-10.892832	-0.267998	0.053611
-10.892632	-0.268498	0.053711
-10.892432	-0.268998	0.053811
-10.892232	-0.269498	0.053911
-10.892032	-0.269998	0.054011
-10.891832	-0.270498	0.054111
-10.891632	-0.270998	0.054211
-10.891432	-0.271498	0.054311
-10.891232	-0.271998	0.054411
-10.891032	-0.272498	0.054511
-10.890832	-0.272998	0.054611
-10.890632	-0.273498	0.054711
-10.890432	-0.273998	0.054811
-10.890232	-0.274498	0.054911
-10.890032	-0.274998	0.055011
-10.889832	-0.275498	0.055111
-10.889632	-0.275998	0.055211
-10.889432	-0.276498	0.055311
-10.889232	-0.276998	0.055411
-10.889032	-0.277498	0.055511
-10.888832	-0.277998	0.055611
-10.888632	-0.278499	0.055711
-10.888432	-0.278999	0.055811
-10.888232	-0.279499	0.055911
-10.888032	-0.279999	0.056011
-10.887832	-0.280499	0.056111
-10.887632	-0.280999	0.056211
-10.887432	-0.281499	0.056311
-10.887232	-0.281999	0.056411
-10.887032	-0.282499	0.056511
-10.886832	-0.282999	0.056611
-10.886632	-0.283499	0.056711
-10.886432	-0.283999	0.056811
-10.886232	-0.284499	0.056911
-10.886032	-0.284999	0.057011
-10.885832	-0.285499	0.057111
-10.885632	-0.285999	0.057211
-10.885432	-0.286499	0.057311
-10.885232	-0.286999	0.057411
-10.885032	-0.287499	0.057511
-10.884832	-0.287999	0.057611
-10.884632	-0.288499	0.057711
-10.884432	-0.288999	0.057811
-10.884232	-0.289499	0.057911
-10.884032	-0.289999	0.058011
-10.883832	-0.290500	0.058112
-10.883632	-0.291000	0.058212
-10.883432	-0.291500	0.058312
-10.883232	-0.292000	0.058412
-10.883032	-0.292500	0.058512
-10.882832	-0.293000	0.058612
-10.882632	-0.293500	0.058712
-10.882432	-0.294000	0.058812
-10.882232	-0.294500	0.058912
-10.882032	-0.295000	0.059012
-10.881832	-0.295500	0.059112
-10.881632	-0.296000	0.059212
-10.881432	-0.296500	0.059312
-10.881232	-0.297000	0.059412
-10.881032	-0.297500	0.059512
-10.880832	-0.298000	0.059612
-10.880632	-0.298500	0.059712
-10.880432	-0.299000	0.059812
-10.880232	-0.299500	0.059912
-10.880032	-0.300000	0.060012
-10.879832	-0.300500	0.060112
-10.879632	-0.301000	0.060212
-10.879432	-0.301500	0.060312
-10.879232	-0.302001	0.060412
-10.879032	-0.302501	0.060512
-10.878832	-0.303001	0.060612
-10.878632	-0.303501	0.060712
-10.878432	-0.304001	0.060812
-10.878232	-0.304501	0.060912
-10.878032	-0.305001	0.061012
-10.877832	-0.305501	0.061112
-10.877632	-0.306001	0.061212
-10.877432	-0.306501	0.061312
-10.877232	-0.307001	0.061412
-10.877032	-0.307501	0.061512
-10.876832	-0.308001	0.061612
-10.876632	-0.308501	0.061712
-10.876432	-0.309001	0.061812
-10.876232	-0.309501	0.061912
-10.876032	-0.310001	0.062012
-10.875832	-0.310501	0.062112
-10.875632	-0.311001	0.062212
-10.875432	-0.311501	0.062312
-10.875232	-0.312001	0.062412
-10.875032	-0.312501	0.062512
-10.874832	-0.313001	0.062612
-10.874632	-0.313502	0.062712
-10.874432	-0.314002	0.062812
-10.874232	-0.314502	0.062913
-10.874032	-0.315002	0.063013
-10.873832	-0.315502	0.063113
-10.873632	-0.316002	0.063213
-10.873432	-0.316502	0.063313
-10.873232	-0.317002	0.063413
-10.873032	-0.317502	0.063513
-10.872832	-0.318002	0.063613
-10.872632	-0.318502	0.063713
-10.872432	-0.319002	0.063813
-10.872232	-0.319502	0.063913
-10.872032	-0.320002	0.064013
-10.871832	-0.320502	0.064113
-10.871632	-0.321002	0.064213
-10.871432	-0.321502	0.064313
-10.871232	-0.322002	0.064413
-10.871032	-0.322502	0.064513
-10.870832	-0.323002	0.064613
-10.870633	-0.323502	0.064713
-10.870433	-0.324002	0.064813
-10.870233	-0.324502	0.064913
-10.870033	-0.325002	0.065013
-10.869833	-0.325503	0.065113
-10.869633	-0.326003	0.065213
-10.869433	-0.326503	0.065313
-10.869233	-0.327003	0.065413
-10.869033	-0.327503	0.065513
-10.868833	-0.328003	0.065613
-10.868633	-0.328503	0.065713
-10.868433	-0.329003	0.065813
-10.868233	-0.329503	0.065913
-10.868033	-0.330003	0.066013
-10.867833	-0.330503	0.066113
-10.867633	-0.331003	0.066213
-10.867433	-0.331503	0.066313
-10.867233	-0.332003	0.066413
-10.867033	-0.332503	0.066513
-10.866833	-0.333003	0.066613
-10.866633	-0.333503	0.066713
-10.866433	-0.334003	0.066813
-10.866233	-0.334503	0.066913
-10.866033	-0.335003	0.067013
-10.865833	-0.335503	0.067113
-10.865633	-0.336003	0.067213
-10.865433	-0.336503	0.067313
-10.865233	-0.337004	0.067413
-10.865033	-0.337504	0.067513
-10.864833	-0.338004	0.067613
-10.864633	-0.338504	0.067714
-10.864433	-0.339004	0.067814
-10.864233	-0.339504	0.067914
-10.864033	-0.340004	0.068014
-10.863833	-0.340504	0.068114
-10.863633	-0.341004	0.068214
-10.863433	-0.341504	0.068314
-10.863233	-0.342004	0.068414
-10.863033	-0.342504	0.068514
-10.862833	-0.343004	0.068614
-10.862633	-0.343504	0.068714
-10.862433	-0.344004	0.068814
-10.862233	-0.344504	0.068914
-10.862033	-0.345004	0.069014
-10.861833	-0.345504	0.069114
-10.861633	-0.346004	0.069214
-10.861433	-0.346504	0.069314
-10.861233	-0.347004	0.069414
-10.861033	-0.347504	0.069514
-10.860833	-0.348004	0.069614
-10.860633	-0.348504	0.069714
-10.860433	-0.349005	0.069814
-10.860233	-0.349505	0.069914
-10.860033	-0.350005	0.070014
-10.859833	-0.350505	0.070114
-10.859633	-0.351005	0.070214
-10.859433	-0.351505	0.070314
-10.859233	-0.352005	0.070414
-10.859033	-0.352505	0.070514
-10.858833	-0.353005	0.070614
-10.858633	-0.353505	0.070714
-10.858433	-0.354005	0.070814
-10.858233	-0.354505	0.070914
-10.858033	-0.355005	0.071014
-10.857833	-0.355505	0.071114
-10.857633	-0.356005	0.071214
-10.857433	-0.356505	0.071314
-10.857233	-0.357005	0.071414
-10.857033	-0.357505	0.071514
-10.856833	-0.358005	0.071614
-10.856633	-0.358505	0.071714
-10.856433	-0.359005	0.071814
-10.856233	-0.359505	0.071914
-10.856033	-0.360005	0.072014
-10.855833	-0.360506	0.072114
-10.855633	-0.361006	0.072214
-10.855433	-0.361506	0.072314
-10.855233	-0.362006	0.072414
-10.855033	-0.362506	0.072515
-10.854833	-0.363006	0.072615
-10.854633	-0.363506	0.072715
-10.854433	-0.364006	0.072815
-10.854233	-0.364506	0.072915
-10.854033	-0.365006	0.073015
-10.853833	-0.365506	0.073115
-10.853633	-0.366006	0.073215
-10.853433	-0.366506	0.073315
-10.853233	-0.367006	0.073415
-10.853033	-0.367506	0.073515
-10.852833	-0.368006	0.073615
-10.852633	-0.368506	0.073715
-10.852433	-0.369006	0.073815
-10.852233	-0.369506	0.073915
-10.852033	-0.370006	0.074015
-10.851833	-0.370506	0.074115
-10.851633	-0.371006	0.074215
-10.851433	-0.371506	0.074315
-10.851233	-0.372006	0.074415
-10.851033	-0.372507	0.074515
-10.850833	-0.373007	0.074615
-10.850633	-0.373507	0.074715
-10.850433	-0.374007	0.074815
-10.850233	-0.374507	0.074915
-10.850033	-0.375007	0.075015
-10.849833	-0.375507	0.075115
-10.849633	-0.376007	0.075215
-10.849433	-0.376507	0.075315
-10.849233	-0.377007	0.075415
-10.849033	-0.377507	0.075515
-10.848833	-0.378007	0.075615
-10.848633	-0.378507	0.075715
-10.848433	-0.379007	0.075815
-10.848233	-0.379507	0.075915
-10.848033	-0.380007	0.076015
-10.847833	-0.380507	0.076115
-10.847633	-0.381007	0.076215
-10.847433	-0.381507	0.076315
-10.847233	-0.382007	0.076415
-10.847033	-0.382507	0.076515
-10.846833	-0.383007	0.076615
-10.846633	-0.383507	0.076715
-10.846433	-0.384008	0.076815
-10.846233	-0.384508	0.076915
-10.846033	-0.385008	0.077015
-10.845833	-0.385508	0.077115
-10.845633	-0.386008	0.077215
-10.845433	-0.386508	0.077316
-10.845234	-0.387008	0.077416
-10.845034	-0.387508	0.077516
-10.844834	-0.388008	0.077616
-10.844634	-0.388508	0.077716
-10.844434	-0.389008	0.077816
-10.844234	-0.389508	0.077916
-10.844034	-0.390008	0.078016
-10.843834	-0.390508	0.078116
-10.843634	-0.391008	0.078216
-10.843434	-0.391508	0.078316
-10.843234	-0.392008	0.078416
-10.843034	-0.392508	0.078516
-10.842834	-0.393008	0.078616
-10.842634	-0.393508	0.078716
-10.842434	-0.394008	0.078816
-10.842234	-0.394508	0.078916
-10.842034	-0.395008	0.079016
-10.841834	-0.395508	0.079116
-10.841634	-0.396009	0.079216
-10.841434	-0.396509	0.079316
-10.841234	-0.397009	0.079416
-10.841034	-0.397509	0.079516
-10.840834	-0.398009	0.079616
-10.840634	-0.398509	0.079716
-10.840434	-0.399009	0.079816
-10.840234	-0.399509	0.079916
-10.840034	-0.400009	0.080016
-10.839834	-0.400509	0.080116
-10.839634	-0.401009	0.080216
-10.839434	-0.401509	0.080316
-10.839234	-0.402009	0.080416
-10.839034	-0.402509	0.080516
-10.838834	-0.403009	0.080616
-10.838634	-0.403509	0.080716
-10.838434	-0.404009	0.080816
-10.838234	-0.404509	0.080916
-10.838034	-0.405009	0.081016
-10.837834	-0.405509	0.081116
-10.837634	-0.406009	0.081216
-10.837434	-0.406509	0.081316
-10.837234	-0.407009	0.081416
-10.837034	-0.407510	0.081516
-10.836834	-0.408010	0.081616
-10.836634	-0.408510	0.081716
-10.836434	-0.409010	0.081816
-10.836234	-0.409510	0.081916
-10.836034	-0.410010	0.082016
-10.835834	-0.410510	0.082117
-10.835634	-0.411010	0.082217
-10.835434	-0.411510	0.082317
-10.835234	-0.412010	0.082417
-10.835034	-0.412510	0.082517
-10.834834	-0.413010	0.082617
-10.834634	-0.413510	0.082717
-10.834434	-0.414010	0.082817
-10.834234	-0.414510	0.082917
-10.834034	-0.415010	0.083017
-10.833834	-0.415510	0.083117
-10.833634	-0.416010	0.083217
-10.833434	-0.416510	0.083317
-10.833234	-0.417010	0.083417
-10.833034	-0.417510	0.083517
-10.832834	-0.418010	0.083617
-10.832634	-0.418510	0.083717
-10.832434	-0.419010	0.083817
-10.832234	-0.419511	0.083917
-10.832034	-0.420011	0.084017
-10.831834	-0.420511	0.084117
-10.831634	-0.421011	0.084217
-10.831434	-0.421511	0.084317
-10.831234	-0.422011	0.084417
-10.831034	-0.422511	0.084517
-10.830834	-0.423011	0.084617
-10.830634	-0.423511	0.084717
-10.830434	-0.424011	0.084817
-10.830234	-0.424511	0.084917
-10.830034	-0.425011	0.085017
-10.829834	-0.425511	0.085117
-10.829634	-0.426011	0.085217
-10.829434	-0.426511	0.085317
-10.829234	-0.427011	0.085417
-10.829034	-0.427511	0.085517
-10.828834	-0.428011	0.085617
-10.828634	-0.428511	0.085717
-10.828434	-0.429011	0.085817
-10.828234	-0.429511	0.085917
-10.828034	-0.430011	0.086017
-10.827834	-0.430511	0.086117
-10.827634	-0.431012	0.086217
-10.827434	-0.431512	0.086317
-10.827234	-0.432012	0.086417
-10.827034	-0.432512	0.086517
-10.826834	-0.433012	0.086617
-10.826634	-0.433512	0.086717
-10.826434	-0.434012	0.086817
-10.826234	-0.434512	0.086918
-10.826034	-0.435012	0.087018
-10.825834	-0.435512	0.087118
-10.825634	-0.436012	0.087218
-10.825434	-0.436512	0.087318
-10.825234	-0.437012	0.087418
-10.825034	-0.437512	0.087518
-10.824834	-0.438012	0.087618
-10.824634	-0.438512	0.087718
-10.824434	-0.439012	0.087818
-10.824234	-0.439512	0.087918
-10.824034	-0.440012	0.088018
-10.823834	-0.440512	0.088118
-10.823634	-0.441012	0.088218
-10.823434	-0.441512	0.088318
-10.823234	-0.442012	0.088418
-10.823034	-0.442513	0.088518
-10.822834	-0.443013	0.088618
-10.822634	-0.443513	0.088718
-10.822434	-0.444013	0.088818
-10.822234	-0.444513	0.088918
-10.822034	-0.445013	0.089018
-10.821834	-0.445513	0.089118
-10.821634	-0.446013	0.089218
-10.821434	-0.446513	0.089318
-10.821234	-0.447013	0.089418
-10.821034	-0.447513	0.089518
-10.820834	-0.448013	0.089618
-10.820634	-0.448513	0.089718
-10.820434	-0.449013	0.089818
-10.820234	-0.449513	0.089918
-10.820034	-0.450013	0.090018
-10.819835	-0.450513	0.090118
-10.819635	-0.451013	0.090218
-10.819435	-0.451513	0.090318
-10.819235	-0.452013	0.090418
-10.819035	-0.452513	0.090518
-10.818835	-0.453013	0.090618
-10.818635	-0.453513	0.090718
-10.818435	-0.454013	0.090818
-10.818235	-0.454514	0.090918
-10.818035	-0.455014	0.091018
-10.817835	-0.455514	0.091118
-10.817635	-0.456014	0.091218
-10.817435	-0.456514	0.091318
-10.817235	-0.457014	0.091418
-10.817035	-0.457514	0.091518
-10.816835	-0.458014	0.091618
-10.816635	-0.458514	0.091719
-10.816435	-0.459014	0.091819
-10.816235	-0.459514	0.091919
-10.816035	-0.460014	0.092019
-10.815835	-0.460514	0.092119
-10.815635	-0.461014	0.092219
-10.815435	-0.461514	0.092319
-10.815235	-0.462014	0.092419
-10.815035	-0.462514	0.092519
-10.814835	-0.463014	0.092619
-10.814635	-0.463514	0.092719
-10.814435	-0.464014	0.092819
-10.814235	-0.464514	0.092919
-10.814035	-0.465014	0.093019
-10.813835	-0.465514	0.093119
-10.813635	-0.466015	0.093219
-10.813435	-0.466515	0.093319
-10.813235	-0.467015	0.093419
-10.813035	-0.467515	0.093519
-10.812835	-0.468015	0.093619
-10.812635	-0.468515	0.093719
-10.812435	-0.469015	0.093819
-10.812235	-0.469515	0.093919
-10.812035	-0.470015	0.094019
-10.811835	-0.470515	0.094119
-10.811635	-0.471015	0.094219
-10.811435	-0.471515	0.094319
-10.811235	-0.472015	0.094419
-10.811035	-0.472515	0.094519
-10.810835	-0.473015	0.094619
-10.810635	-0.473515	0.094719
-10.810435	-0.474015	0.094819
-10.810235	-0.474515	0.094919
-10.810035	-0.475015	0.095019
-10.809835	-0.475515	0.095119
-10.809635	-0.476015	0.095219
-10.809435	-0.476515	0.095319
-10.809235	-0.477015	0.095419
-10.809035	-0.477515	0.095519
-10.808835	-0.478016	0.095619
-10.808635	-0.478516	0.095719
-10.808435	-0.479016	0.095819
-10.808235	-0.479516	0.095919
-10.808035	-0.480016	0.096019
-10.807835	-0.480516	0.096119
-10.807635	-0.481016	0.096219
-10.807435	-0.481516	0.096319
-10.807235	-0.482016	0.096419
-10.807035	-0.482516	0.096520
-10.806835	-0.483016	0.096620
-10.806635	-0.483516	0.096720
-10.806435	-0.484016	0.096820
-10.806235	-0.484516	0.096920
-10.806035	-0.485016	0.097020
-10.805835	-0.485516	0.097120
-10.805635	-0.486016	0.097220
-10.805435	-0.486516	0.097320
-10.805235	-0.487016	0.097420
-10.805035	-0.487516	0.097520
-10.804835	-0.488016	0.097620
-10.804635	-0.488516	0.097720
-10.804435	-0.489016	0.097820
-10.804235	-0.489517	0.097920
-10.804035	-0.490017	0.098020
-10.803835	-0.490517	0.098120
-10.803635	-0.491017	0.098220
-10.803435	-0.491517	0.098320
-10.803235	-0.492017	0.098420
-10.803035	-0.492517	0.098520
-10.802835	-0.493017	0.098620
-10.802635	-0.493517	0.098720
-10.802435	-0.494017	0.098820
-10.802235	-0.494517	0.098920
-10.802035	-0.495017	0.099020
-10.801835	-0.495517	0.099120
-10.801635	-0.496017	0.099220
-10.801435	-0.496517	0.099320
-10.801235	-0.497017	0.099420
-10.801035	-0.497517	0.099520
-10.800835	-0.498017	0.099620
-10.800635	-0.498517	0.099720
-10.800435	-0.499017	0.099820
-10.800235	-0.499517	0.099920
-10.800035	-0.500017	0.100020
-10.799835	-0.500517	0.100120
-10.799635	-0.501017	0.100220
-10.799435	-0.501518	0.100320
-10.799235	-0.502018	0.100420
-10.799035	-0.502518	0.100520
-10.798835	-0.503018	0.100620
-10.798635	-0.503518	0.100720
-10.798435	-0.504018	0.100820
-10.798235	-0.504518	0.100920
-10.798035	-0.505018	0.101020
-10.797835	-0.505518	0.101120
-10.797635	-0.506018	0.101220
-10.797435	-0.506518	0.101321
-10.797235	-0.507018	0.101421
-10.797035	-0.507518	0.101521
-10.796835	-0.508018	0.101621
-10.796635	-0.508518	0.101721
-10.796435	-0.509018	0.101821
-10.796235	-0.509518	0.101921
-10.796035	-0.510018	0.102021
-10.795835	-0.510518	0.102121
-10.795635	-0.511018	0.102221
-10.795435	-0.511518	0.102321
-10.795235	-0.512018	0.102421
-10.795035	-0.512518	0.102521
-10.794835	-0.513019	0.102621
-10.794636	-0.513519	0.102721
-10.794436	-0.514019	0.102821
-10.794236	-0.514519	0.102921
-10.794036	-0.515019	0.103021
-10.793836	-0.515519	0.103121
-10.793636	-0.516019	0.103221
-10.793436	-0.516519	0.103321
-10.793236	-0.517019	0.103421
-10.793036	-0.517519	0.103521
-10.792836	-0.518019	0.103621
-10.792636	-0.518519	0.103721
-10.792436	-0.519019	0.103821
-10.792236	-0.519519	0.103921
-10.792036	-0.520019	0.104021
-10.791836	-0.520519	0.104121
-10.791636	-0.521019	0.104221
-10.791436	-0.521519	0.104321
-10.791236	-0.522019	0.104421
-10.791036	-0.522519	0.104521
-10.790836	-0.523019	0.104621
-10.790636	-0.523519	0.104721
-10.790436	-0.524019	0.104821
-10.790236	-0.524519	0.104921
-10.790036	-0.525020	0.105021
-10.789836	-0.525520	0.105121
-10.789636	-0.526020	0.105221
-10.789436	-0.526520	0.105321
-10.789236	-0.527020	0.105421
-10.789036	-0.527520	0.105521
-10.788836	-0.528020	0.105621
-10.788636	-0.528520	0.105721
-10.788436	-0.529020	0.105821
-10.788236	-0.529520	0.105921
-10.788036	-0.530020	0.106021
-10.787836	-0.530520	0.106122
-10.787636	-0.531020	0.106222
-10.787436	-0.531520	0.106322
-10.787236	-0.532020	0.106422
-10.787036	-0.532520	0.106522
-10.786836	-0.533020	0.106622
-10.786636	-0.533520	0.106722
-10.786436	-0.534020	0.106822
-10.786236	-0.534520	0.106922
-10.786036	-0.535020	0.107022
-10.785836	-0.535520	0.107122
-10.785636	-0.536020	0.107222
-10.785436	-0.536521	0.107322
-10.785236	-0.537021	0.107422
-10.785036	-0.537521	0.107522
-10.784836	-0.538021	0.107622
-10.784636	-0.538521	0.107722
-10.784436	-0.539021	0.107822
-10.784236	-0.539521	0.107922
-10.784036	-0.540021	0.108022
-10.783836	-0.540521	0.108122
-10.783636	-0.541021	0.108222
-10.783436	-0.541521	0.108322
-10.783236	-0.542021	0.108422
-10.783036	-0.542521	0.108522
-10.782836	-0.543021	0.108622
-10.782636	-0.543521	0.108722
-10.782436	-0.544021	0.108822
-10.782236	-0.544521	0.108922
-10.782036	-0.545021	0.109022
-10.781836	-0.545521	0.109122
-10.781636	-0.546021	0.109222
-10.781436	-0.546521	0.109322
-10.781236	-0.547021	0.109422
-10.781036	-0.547521	0.109522
-10.780836	-0.548021	0.109622
-10.780636	-0.548522	0.109722
-10.780436	-0.549022	0.109822
-10.780236	-0.549522	0.109922
-10.780036	-0.550022	0.110022
-10.779836	-0.550522	0.110122
-10.779636	-0.551022	0.110222
-10.779436	-0.551522	0.110322
-10.779236	-0.552022	0.110422
-10.779036	-0.552522	0.110522
-10.778836	-0.553022	0.110622
-10.778636	-0.553522	0.110722
-10.778436	-0.554022	0.110822
-10.778236	-0.554522	0.110923
-10.778036	-0.555022	0.111023
-10.777836	-0.555522	0.111123
-10.777636	-0.556022	0.111223
-10.777436	-0.556522	0.111323
-10.777236	-0.557022	0.111423
-10.777036	-0.557522	0.111523
-10.776836	-0.558022	0.111623
-10.776636	-0.558522	0.111723
-10.776436	-0.559022	0.111823
-10.776236	-0.559522	0.111923
-10.776036	-0.560023	0.112023
-10.775836	-0.560523	0.112123
-10.775636	-0.561023	0.112223
-10.775436	-0.561523	0.112323
-10.775236	-0.562023	0.112423
-10.775036	-0.562523	0.112523
-10.774836	-0.563023	0.112623
-10.774636	-0.563523	0.112723
-10.774436	-0.564023	0.112823
-10.774236	-0.564523	0.112923
-10.774036	-0.565023	0.113023
-10.773836	-0.565523	0.113123
-10.773636	-0.566023	0.113223
-10.773436	-0.566523	0.113323
-10.773236	-0.567023	0.113423
-10.773036	-0.567523	0.113523
-10.772836	-0.568023	0.113623
-10.772636	-0.568523	0.113723
-10.772436	-0.569023	0.113823
-10.772236	-0.569523	0.113923
-10.772036	-0.570023	0.114023
-10.771836	-0.570523	0.114123
-10.771636	-0.571023	0.114223
-10.771436	-0.571524	0.114323
-10.771236	-0.572024	0.114423
-10.771036	-0.572524	0.114523
-10.770836	-0.573024	0.114623
-10.770636	-0.573524	0.114723
-10.770436	-0.574024	0.114823
-10.770236	-0.574524	0.114923
-10.770036	-0.575024	0.115023
-10.769836	-0.575524	0.115123
-10.769636	-0.576024	0.115223
-10.769436	-0.576524	0.115323
-10.769237	-0.577024	0.115423
-10.769037	-0.577524	0.115523
-10.768837	-0.578024	0.115623
-10.768637	-0.578524	0.115724
-10.768437	-0.579024	0.115824
-10.768237	-0.579524	0.115924
-10.768037	-0.580024	0.116024
-10.767837	-0.580524	0.116124
-10.767637	-0.581024	0.116224
-10.767437	-0.581524	0.116324
-10.767237	-0.582024	0.116424
-10.767037	-0.582524	0.116524
-10.766837	-0.583024	0.116624
-10.766637	-0.583525	0.116724
-10.766437	-0.584025	0.116824
-10.766237	-0.584525	0.116924
-10.766037	-0.585025	0.117024
-10.765837	-0.585525	0.117124
-10.765637	-0.586025	0.117224
-10.765437	-0.586525	0.117324
-10.765237	-0.587025	0.117424
-10.765037	-0.587525	0.117524
-10.764837	-0.588025	0.117624
-10.764637	-0.588525	0.117724
-10.764437	-0.589025	0.117824
-10.764237	-0.589525	0.117924
-10.764037	-0.590025	0.118024
-10.763837	-0.590525	0.118124
-10.763637	-0.591025	0.118224
-10.763437	-0.591525	0.118324
-10.763237	-0.592025	0.118424
-10.763037	-0.592525	0.118524
-10.762837	-0.593025	0.118624
-10.762637	-0.593525	0.118724
-10.762437	-0.594025	0.118824
-10.762237	-0.594525	0.118924
-10.762037	-0.595026	0.119024
-10.761837	-0.595526	0.119124
-10.761637	-0.596026	0.119224
-10.761437	-0.596526	0.119324
-10.761237	-0.597026	0.119424
-10.761037	-0.597526	0.119524
-10.760837	-0.598026	0.119624
-10.760637	-0.598526	0.119724
-10.760437	-0.599026	0.119824
-10.760237	-0.599526	0.119924
-10.760037	-0.600026	0.120024
-10.759837	-0.600526	0.120124
-10.759637	-0.601026	0.120224
-10.759437	-0.601526	0.120324
-10.759237	-0.602026	0.120424
-10.759037	-0.602526	0.120525
-10.758837	-0.603026	0.120625
-10.758637	-0.603526	0.120725
-10.758437	-0.604026	0.120825
-10.758237	-0.604526	0.120925
-10.758037	-0.605026	0.121025
-10.757837	-0.605526	0.121125
-10.757637	-0.606026	0.121225
-10.757437	-0.606526	0.121325
-10.757237	-0.607027	0.121425
-10.757037	-0.607527	0.121525
-10.756837	-0.608027	0.121625
-10.756637	-0.608527	0.121725
-10.756437	-0.609027	0.121825
-10.756237	-0.609527	0.121925
-10.756037	-0.610027	0.122025
-10.755837	-0.610527	0.122125
-10.755637	-0.611027	0.122225
-10.755437	-0.611527	0.122325
-10.755237	-0.612027	0.122425
-10.755037	-0.612527	0.122525
-10.754837	-0.613027	0.122625
-10.754637	-0.613527	0.122725
-10.754437	-0.614027	0.122825
-10.754237	-0.614527	0.122925
-10.754037	-0.615027	0.123025
-10.753837	-0.615527	0.123125
-10.753637	-0.616027	0.123225
-10.753437	-0.616527	0.123325
-10.753237	-0.617027	0.123425
-10.753037	-0.617527	0.123525
-10.752837	-0.618027	0.123625
-10.752637	-0.618528	0.123725
-10.752437	-0.619028	0.123825
-10.752237	-0.619528	0.123925
-10.752037	-0.620028	0.124025
-10.751837	-0.620528	0.124125
-10.751637	-0.621028	0.124225
-10.751437	-0.621528	0.124325
-10.751237	-0.622028	0.124425
-10.751037	-0.622528	0.124525
-10.750837	-0.623028	0.124625
-10.750637	-0.623528	0.124725
-10.750437	-0.624028	0.124825
-10.750237	-0.624528	0.124925
-10.750037	-0.625028	0.125025
-10.749837	-0.625528	0.125125
-10.749637	-0.626028	0.125225
-10.749437	-0.626528	0.125326
-10.749237	-0.627028	0.125426
-10.749037	-0.627528	0.125526
-10.748837	-0.628028	0.125626
-10.748637	-0.628528	0.125726
-10.748437	-0.629028	0.125826
-10.748237	-0.629528	0.125926
-10.748037	-0.630028	0.126026
-10.747837	-0.630529	0.126126
-10.747637	-0.631029	0.126226
-10.747437	-0.631529	0.126326
-10.747237	-0.632029	0.126426
-10.747037	-0.632529	0.126526
-10.746837	-0.633029	0.126626
-10.746637	-0.633529	0.126726
-10.746437	-0.634029	0.126826
-10.746237	-0.634529	0.126926
-10.746037	-0.635029	0.127026
-10.745837	-0.635529	0.127126
-10.745637	-0.636029	0.127226
-10.745437	-0.636529	0.127326
-10.745237	-0.637029	0.127426
-10.745037	-0.637529	0.127526
-10.744837	-0.638029	0.127626
-10.744637	-0.638529	0.127726
-10.744437	-0.639029	0.127826
-10.744237	-0.639529	0.127926
-10.744037	-0.640029	0.128026
-10.743838	-0.640529	0.128126
-10.743638	-0.641029	0.128226
-10.743438	-0.641529	0.128326
-10.743238	-0.642030	0.128426
-10.743038	-0.642530	0.128526
-10.742838	-0.643030	0.128626
-10.742638	-0.643530	0.128726
-10.742438	-0.644030	0.128826
-10.742238	-0.644530	0.128926
-10.742038	-0.645030	0.129026
-10.741838	-0.645530	0.129126
-10.741638	-0.646030	0.129226
-10.741438	-0.646530	0.129326
-10.741238	-0.647030	0.129426
-10.741038	-0.647530	0.129526
-10.740838	-0.648030	0.129626
-10.740638	-0.648530	0.129726
-10.740438	-0.649030	0.129826
-10.740238	-0.649530	0.129926
-10.740038	-0.650030	0.130026
-10.739838	-0.650530	0.130127
-10.739638	-0.651030	0.130227
-10.739438	-0.651530	0.130327
-10.739238	-0.652030	0.130427
-10.739038	-0.652530	0.130527
-10.738838	-0.653030	0.130627
-10.738638	-0.653530	0.130727
-10.738438	-0.654031	0.130827
-10.738238	-0.654531	0.130927
-10.738038	-0.655031	0.131027
-10.737838	-0.655531	0.131127
-10.737638	-0.656031	0.131227
-10.737438	-0.656531	0.131327
-10.737238	-0.657031	0.131427
-10.737038	-0.657531	0.131527
-10.736838	-0.658031	0.131627
-10.736638	-0.658531	0.131727
-10.736438	-0.659031	0.131827
-10.736238	-0.659531	0.131927
-10.736038	-0.660031	0.132027
-10.735838	-0.660531	0.132127
-10.735638	-0.661031	0.132227
-10.735438	-0.661531	0.132327
-10.735238	-0.662031	0.132427
-10.735038	-0.662531	0.132527
-10.734838	-0.663031	0.132627
-10.734638	-0.663531	0.132727
-10.734438	-0.664031	0.132827
-10.734238	-0.664531	0.132927
-10.734038	-0.665031	0.133027
-10.733838	-0.665532	0.133127
-10.733638	-0.666032	0.133227
-10.733438	-0.666532	0.133327
-10.733238	-0.667032	0.133427
-10.733038	-0.667532	0.133527
-10.732838	-0.668032	0.133627
-10.732638	-0.668532	0.133727
-10.732438	-0.669032	0.133827
-10.732238	-0.669532	0.133927
-10.732038	-0.670032	0.134027
-10.731838	-0.670532	0.134127
-10.731638	-0.671032	0.134227
-10.731438	-0.671532	0.134327
-10.731238	-0.672032	0.134427
-10.731038	-0.672532	0.134527
-10.730838	-0.673032	0.134627
-10.730638	-0.673532	0.134727
-10.730438	-0.674032	0.134827
-10.730238	-0.674532	0.134928
-10.730038	-0.675032	0.135028
-10.729838	-0.675532	0.135128
-10.729638	-0.676032	0.135228
-10.729438	-0.676532	0.135328
-10.729238	-0.677032	0.135428
-10.729038	-0.677533	0.135528
-10.728838	-0.678033	0.135628
-10.728638	-0.678533	0.135728
-10.728438	-0.679033	0.135828
-10.728238	-0.679533	0.135928
-10.728038	-0.680033	0.136028
-10.727838	-0.680533	0.136128
-10.727638	-0.681033	0.136228
-10.727438	-0.681533	0.136328
-10.727238	-0.682033	0.136428
-10.727038	-0.682533	0.136528
-10.726838	-0.683033	0.136628
-10.726638	-0.683533	0.136728
-10.726438	-0.684033	0.136828
-10.726238	-0.684533	0.136928
-10.726038	-0.685033	0.137028
-10.725838	-0.685533	0.137128
-10.725638	-0.686033	0.137228
-10.725438	-0.686533	0.137328
-10.725238	-0.687033	0.137428
-10.725038	-0.687533	0.137528
-10.724838	-0.688033	0.137628
-10.724638	-0.688533	0.137728
-10.724438	-0.689034	0.137828
-10.724238	-0.689534	0.137928
-10.724038	-0.690034	0.138028
-10.723838	-0.690534	0.138128
-10.723638	-0.691034	0.138228
-10.723438	-0.691534	0.138328
-10.723238	-0.692034	0.138428
-10.723038	-0.692534	0.138528
-10.722838	-0.693034	0.138628
-10.722638	-0.693534	0.138728
-10.722438	-0.694034	0.138828
-10.722238	-0.694534	0.138928
-10.722038	-0.695034	0.139028
-10.721838	-0.695534	0.139128
-10.721638	-0.696034	0.139228
-10.721438	-0.696534	0.139328
-10.721238	-0.697034	0.139428
-10.721038	-0.697534	0.139528
-10.720838	-0.698034	0.139628
-10.720638	-0.698534	0.139729
-10.720438	-0.699034	0.139829
-10.720238	-0.699534	0.139929
-10.720038	-0.700034	0.140029
-10.719838	-0.700535	0.140129
-10.719638	-0.701035	0.140229
-10.719438	-0.701535	0.140329
-10.719238	-0.702035	0.140429
-10.719038	-0.702535	0.140529
-10.718838	-0.703035	0.140629
-10.718639	-0.703535	0.140729
-10.718439	-0.704035	0.140829
-10.718239	-0.704535	0.140929
-10.718039	-0.705035	0.141029
-10.717839	-0.705535	0.141129
-10.717639	-0.706035	0.141229
-10.717439	-0.706535	0.141329
-10.717239	-0.707035	0.141429
-10.717039	-0.707535	0.141529
-10.716839	-0.708035	0.141629
-10.716639	-0.708535	0.141729
-10.716439	-0.709035	0.141829
-10.716239	-0.709535	0.141929
-10.716039	-0.710035	0.142029
-10.715839	-0.710535	0.142129
-10.715639	-0.711035	0.142229
-10.715439	-0.711535	0.142329
-10.715239	-0.712035	0.142429
-10.715039	-0.712536	0.142529
-10.714839	-0.713036	0.142629
-10.714639	-0.713536	0.142729
-10.714439	-0.714036	0.142829
-10.714239	-0.714536	0.142929
-10.714039	-0.715036	0.143029
-10.713839	-0.715536	0.143129
-10.713639	-0.716036	0.143229
-10.713439	-0.716536	0.143329
-10.713239	-0.717036	0.143429
-10.713039	-0.717536	0.143529
-10.712839	-0.718036	0.143629
-10.712639	-0.718536	0.143729
-10.712439	-0.719036	0.143829
-10.712239	-0.719536	0.143929
-10.712039	-0.720036	0.144029
-10.711839	-0.720536	0.144129
-10.711639	-0.721036	0.144229
-10.711439	-0.721536	0.144329
-10.711239	-0.722036	0.144429
-10.711039	-0.722536	0.144530
-10.710839	-0.723036	0.144630
-10.710639	-0.723536	0.144730
-10.710439	-0.724037	0.144830
-10.710239	-0.724537	0.144930
-10.710039	-0.725037	0.145030
-10.709839	-0.725537	0.145130
-10.709639	-0.726037	0.145230
-10.709439	-0.726537	0.145330
-10.709239	-0.727037	0.145430
-10.709039	-0.727537	0.145530
-10.708839	-0.728037	0.145630
-10.708639	-0.728537	0.145730
-10.708439	-0.729037	0.145830
-10.708239	-0.729537	0.145930
-10.708039	-0.730037	0.146030
-10.707839	-0.730537	0.146130
-10.707639	-0.731037	0.146230
-10.707439	-0.731537	0.146330
-10.707239	-0.732037	0.146430
-10.707039	-0.732537	0.146530
-10.706839	-0.733037	0.146630
-10.706639	-0.733537	0.146730
-10.706439	-0.734037	0.146830
-10.706239	-0.734537	0.146930
-10.706039	-0.735037	0.147030
-10.705839	-0.735537	0.147130
-10.705639	-0.736038	0.147230
-10.705439	-0.736538	0.147330
-10.705239	-0.737038	0.147430
-10.705039	-0.737538	0.147530
-10.704839	-0.738038	0.147630
-10.704639	-0.738538	0.147730
-10.704439	-0.739038	0.147830
-10.704239	-0.739538	0.147930
-10.704039	-0.740038	0.148030
-10.703839	-0.740538	0.148130
-10.703639	-0.741038	0.148230
-10.703439	-0.741538	0.148330
-10.703239	-0.742038	0.148430
-10.703039	-0.742538	0.148530
-10.702839	-0.743038	0.148630
-10.702639	-0.743538	0.148730
-10.702439	-0.744038	0.148830
-10.702239	-0.744538	0.148930
-10.702039	-0.745038	0.149030
-10.701839	-0.745538	0.149130
-10.701639	-0.746038	0.149230
-10.701439	-0.746538	0.149331
-10.701239	-0.747038	0.149431
-10.701039	-0.747539	0.149531
-10.700839	-0.748039	0.149631
-10.700639	-0.748539	0.149731
-10.700439	-0.749039	0.149831
-10.700239	-0.749539	0.149931
-10.700039	-0.750039	0.150031
-10.699839	-0.750539	0.150131
-10.699639	-0.751039	0.150231
-10.699439	-0.751539	0.150331
-10.699239	-0.752039	0.150431
-10.699039	-0.752539	0.150531
-10.698839	-0.753039	0.150631
-10.698639	-0.753539	0.150731
-10.698439	-0.754039	0.150831
-10.698239	-0.754539	0.150931
-10.698039	-0.755039	0.151031
-10.697839	-0.755539	0.151131
-10.697639	-0.756039	0.151231
-10.697439	-0.756539	0.151331
-10.697239	-0.757039	0.151431
-10.697039	-0.757539	0.151531
-10.696839	-0.758039	0.151631
-10.696639	-0.758539	0.151731
-10.696439	-0.759039	0.151831
-10.696239	-0.759540	0.151931
-10.696039	-0.760040	0.152031
-10.695839	-0.760540	0.152131
-10.695639	-0.761040	0.152231
-10.695439	-0.761540	0.152331
-10.695239	-0.762040	0.152431
-10.695039	-0.762540	0.152531
-10.694839	-0.763040	0.152631
-10.694639	-0.763540	0.152731
-10.694439	-0.764040	0.152831
-10.694239	-0.764540	0.152931
-10.694039	-0.765040	0.153031
-10.693839	-0.765540	0.153131
-10.693639	-0.766040	0.153231
-10.693439	-0.766540	0.153331
-10.693240	-0.767040	0.153431
-10.693040	-0.767540	0.153531
-10.692840	-0.768040	0.153631
-10.692640	-0.768540	0.153731
-10.692440	-0.769040	0.153831
-10.692240	-0.769540	0.153931
-10.692040	-0.770040	0.154031
-10.691840	-0.770540	0.154132
-10.691640	-0.771041	0.154232
-10.691440	-0.771541	0.154332
-10.691240	-0.772041	0.154432
-10.691040	-0.772541	0.154532
-10.690840	-0.773041	0.154632
-10.690640	-0.773541	0.154732
-10.690440	-0.774041	0.154832
-10.690240	-0.774541	0.154932
-10.690040	-0.775041	0.155032
-10.689840	-0.775541	0.155132
-10.689640	-0.776041	0.155232
-10.689440	-0.776541	0.155332
-10.689240	-0.777041	0.155432
-10.689040	-0.777541	0.155532
-10.688840	-0.778041	0.155632
-10.688640	-0.778541	0.155732
-10.688440	-0.779041	0.155832
-10.688240	-0.779541	0.155932
-10.688040	-0.780041	0.156032
-10.687840	-0.780541	0.156132
-10.687640	-0.781041	0.156232
-10.687440	-0.781541	0.156332
-10.687240	-0.782041	0.156432
-10.687040	-0.782541	0.156532
-10.686840	-0.783042	0.156632
-10.686640	-0.783542	0.156732
-10.686440	-0.784042	0.156832
-10.686240	-0.784542	0.156932
-10.686040	-0.785042	0.157032
-10.685840	-0.785542	0.157132
-10.685640	-0.786042	0.157232
-10.685440	-0.786542	0.157332
-10.685240	-0.787042	0.157432
-10.685040	-0.787542	0.157532
-10.684840	-0.788042	0.157632
-10.684640	-0.788542	0.157732
-10.684440	-0.789042	0.157832
-10.684240	-0.789542	0.157932
-10.684040	-0.790042	0.158032
-10.683840	-0.790542	0.158132
-10.683640	-0.791042	0.158232
-10.683440	-0.791542	0.158332
-10.683240	-0.792042	0.158432
-10.683040	-0.792542	0.158532
-10.682840	-0.793042	0.158632
-10.682640	-0.793542	0.158732
-10.682440	-0.794042	0.158832
-10.682240	-0.794543	0.158933
-10.682040	-0.795043	0.159033
-10.681840	-0.795543	0.159133
-10.681640	-0.796043	0.159233
-10.681440	-0.796543	0.159333
-10.681240	-0.797043	0.159433
-10.681040	-0.797543	0.159533
-10.680840	-0.798043	0.159633
-10.680640	-0.798543	0.159733
-10.680440	-0.799043	0.159833
-10.680240	-0.799543	0.159933
-10.680040	-0.800043	0.160033
-10.679840	-0.800543	0.160133
-10.679640	-0.801043	0.160233
-10.679440	-0.801543	0.160333
-10.679240	-0.802043	0.160433
-10.679040	-0.802543	0.160533
-10.678840	-0.803043	0.160633
-10.678640	-0.803543	0.160733
-10.678440	-0.804043	0.160833
-10.678240	-0.804543	0.160933
-10.678040	-0.805043	0.161033
-10.677840	-0.805543	0.161133
-10.677640	-0.806043	0.161233
-10.677440	-0.806544	0.161333
-10.677240	-0.807044	0.161433
-10.677040	-0.807544	0.161533
-10.676840	-0.808044	0.161633
-10.676640	-0.808544	0.161733
-10.676440	-0.809044	0.161833
-10.676240	-0.809544	0.161933
-10.676040	-0.810044	0.162033
-10.675840	-0.810544	0.162133
-10.675640	-0.811044	0.162233
-10.675440	-0.811544	0.162333
-10.675240	-0.812044	0.162433
-10.675040	-0.812544	0.162533
-10.674840	-0.813044	0.162633
-10.674640	-0.813544	0.162733
-10.674440	-0.814044	0.162833
-10.674240	-0.814544	0.162933
-10.674040	-0.815044	0.163033
-10.673840	-0.815544	0.163133
-10.673640	-0.816044	0.163233
-10.673440	-0.816544	0.163333
-10.673240	-0.817044	0.163433
-10.673040	-0.817544	0.163533
-10.672840	-0.818045	0.163633
-10.672640	-0.818545	0.163734
-10.672440	-0.819045	0.163834
-10.672240	-0.819545	0.163934
-10.672040	-0.820045	0.164034
-10.671840	-0.820545	0.164134
-10.671640	-0.821045	0.164234
-10.671440	-0.821545	0.164334
-10.671240	-0.822045	0.164434
-10.671040	-0.822545	0.164534
-10.670840	-0.823045	0.164634
-10.670640	-0.823545	0.164734
-10.670440	-0.824045	0.164834
-10.670240	-0.824545	0.164934
-10.670040	-0.825045	0.165034
-10.669840	-0.825545	0.165134
-10.669640	-0.826045	0.165234
-10.669440	-0.826545	0.165334
-10.669240	-0.827045	0.165434
-10.669040	-0.827545	0.165534
-10.668840	-0.828045	0.165634
-10.668640	-0.828545	0.165734
-10.668440	-0.829045	0.165834
-10.668240	-0.829545	0.165934
-10.668040	-0.830046	0.166034
-10.667841	-0.830546	0.166134
-10.667641	-0.831046	0.166234
-10.667441	-0.831546	0.166334
-10.667241	-0.832046	0.166434
-10.667041	-0.832546	0.166534
-10.666841	-0.833046	0.166634
-10.666641	-0.833546	0.166734
-10.666441	-0.834046	0.166834
-10.666241	-0.834546	0.166934
-10.666041	-0.835046	0.167034
-10.665841	-0.835546	0.167134
-10.665641	-0.836046	0.167234
-10.665441	-0.836546	0.167334
-10.665241	-0.837046	0.167434
-10.665041	-0.837546	0.167534
-10.664841	-0.838046	0.167634
-10.664641	-0.838546	0.167734
-10.664441	-0.839046	0.167834
-10.664241	-0.839546	0.167934
-10.664041	-0.840046	0.168034
-10.663841	-0.840546	0.168134
-10.663641	-0.841046	0.168234
-10.663441	-0.841547	0.168334
-10.663241	-0.842047	0.168434
-10.663041	-0.842547	0.168535
-10.662841	-0.843047	0.168635
-10.662641	-0.843547	0.168735
-10.662441	-0.844047	0.168835
-10.662241	-0.844547	0.168935
-10.662041	-0.845047	0.169035
-10.661841	-0.845547	0.169135
-10.661641	-0.846047	0.169235
-10.661441	-0.846547	0.169335
-10.661241	-0.847047	0.169435
-10.661041	-0.847547	0.169535
-10.660841	-0.848047	0.169635
-10.660641	-0.848547	0.169735
-10.660441	-0.849047	0.169835
-10.660241	-0.849547	0.169935
-10.660041	-0.850047	0.170035
-10.659841	-0.850547	0.170135
-10.659641	-0.851047	0.170235
-10.659441	-0.851547	0.170335
-10.659241	-0.852047	0.170435
-10.659041	-0.852547	0.170535
-10.658841	-0.853048	0.170635
-10.658641	-0.853548	0.170735
-10.658441	-0.854048	0.170835
-10.658241	-0.854548	0.170935
-10.658041	-0.855048	0.171035
-10.657841	-0.855548	0.171135
-10.657641	-0.856048	0.171235
-10.657441	-0.856548	0.171335
-10.657241	-0.857048	0.171435
-10.657041	-0.857548	0.171535
-10.656841	-0.858048	0.171635
-10.656641	-0.858548	0.171735
-10.656441	-0.859048	0.171835
-10.656241	-0.859548	0.171935
-10.656041	-0.860048	0.172035
-10.655841	-0.860548	0.172135
-10.655641	-0.861048	0.172235
-10.655441	-0.861548	0.172335
-10.655241	-0.862048	0.172435
-10.655041	-0.862548	0.172535
-10.654841	-0.863048	0.172635
-10.654641	-0.863548	0.172735
-10.654441	-0.864048	0.172835
-10.654241	-0.864548	0.172935
-10.654041	-0.865049	0.173035
-10.653841	-0.865549	0.173135
-10.653641	-0.866049	0.173235
-10.653441	-0.866549	0.173336
-10.653241	-0.867049	0.173436
-10.653041	-0.867549	0.173536
-10.652841	-0.868049	0.173636
-10.652641	-0.868549	0.173736
-10.652441	-0.869049	0.173836
-10.652241	-0.869549	0.173936
-10.652041	-0.870049	0.174036
-10.651841	-0.870549	0.174136
-10.651641	-0.871049	0.174236
-10.651441	-0.871549	0.174336
-10.651241	-0.872049	0.174436
-10.651041	-0.872549	0.174536
-10.650841	-0.873049	0.174636
-10.650641	-0.873549	0.174736
-10.650441	-0.874049	0.174836
-10.650241	-0.874549	0.174936
-10.650041	-0.875049	0.175036
-10.649841	-0.875549	0.175136
-10.649641	-0.876049	0.175236
-10.649441	-0.876550	0.175336
-10.649241	-0.877050	0.175436
-10.649041	-0.877550	0.175536
-10.648841	-0.878050	0.175636
-10.648641	-0.878550	0.175736
-10.648441	-0.879050	0.175836
-10.648241	-0.879550	0.175936
-10.648041	-0.880050	0.176036
-10.647841	-0.880550	0.176136
-10.647641	-0.881050	0.176236
-10.647441	-0.881550	0.176336
-10.647241	-0.882050	0.176436
-10.647041	-0.882550	0.176536
-10.646841	-0.883050	0.176636
-10.646641	-0.883550	0.176736
-10.646441	-0.884050	0.176836
-10.646241	-0.884550	0.176936
-10.646041	-0.885050	0.177036
-10.645841	-0.885550	0.177136
-10.645641	-0.886050	0.177236
-10.645441	-0.886550	0.177336
-10.645241	-0.887050	0.177436
-10.645041	-0.887550	0.177536
-10.644841	-0.888050	0.177636
-10.644641	-0.888551	0.177736
-10.644441	-0.889051	0.177836
-10.644241	-0.889551	0.177936
-10.644041	-0.890051	0.178036
-10.643841	-0.890551	0.178137
-10.643641	-0.891051	0.178237
-10.643441	-0.891551	0.178337
-10.643241	-0.892051	0.178437
-10.643041	-0.892551	0.178537
-10.642841	-0.893051	0.178637
-10.642642	-0.893551	0.178737
-10.642442	-0.894051	0.178837
-10.642242	-0.894551	0.178937
-10.642042	-0.895051	0.179037
-10.641842	-0.895551	0.179137
-10.641642	-0.896051	0.179237
-10.641442	-0.896551	0.179337
-10.641242	-0.897051	0.179437
-10.641042	-0.897551	0.179537
-10.640842	-0.898051	0.179637
-10.640642	-0.898551	0.179737
-10.640442	-0.899051	0.179837
-10.640242	-0.899551	0.179937
-10.640042	-0.900052	0.180037
-10.639842	-0.900552	0.180137
-10.639642	-0.901052	0.180237
-10.639442	-0.901552	0.180337
-10.639242	-0.902052	0.180437
-10.639042	-0.902552	0.180537
-10.638842	-0.903052	0.180637
-10.638642	-0.903552	0.180737
-10.638442	-0.904052	0.180837
-10.638242	-0.904552	0.180937
-10.638042	-0.905052	0.181037
-10.637842	-0.905552	0.181137
-10.637642	-0.906052	0.181237
-10.637442	-0.906552	0.181337
-10.637242	-0.907052	0.181437
-10.637042	-0.907552	0.181537
-10.636842	-0.908052	0.181637
-10.636642	-0.908552	0.181737
-10.636442	-0.909052	0.181837
-10.636242	-0.909552	0.181937
-10.636042	-0.910052	0.182037
-10.635842	-0.910552	0.182137
-10.635642	-0.911052	0.182237
-10.635442	-0.911552	0.182337
-10.635242	-0.912053	0.182437
-10.635042	-0.912553	0.182537
-10.634842	-0.913053	0.182637
-10.634642	-0.913553	0.182737
-10.634442	-0.914053	0.182837
-10.634242	-0.914553	0.182938
-10.634042	-0.915053	0.183038
-10.633842	-0.915553	0.183138
-10.633642	-0.916053	0.183238
-10.633442	-0.916553	0.183338
-10.633242	-0.917053	0.183438
-10.633042	-0.917553	0.183538
-10.632842	-0.918053	0.183638
-10.632642	-0.918553	0.183738
-10.632442	-0.919053	0.183838
-10.632242	-0.919553	0.183938
-10.632042	-0.920053	0.184038
-10.631842	-0.920553	0.184138
-10.631642	-0.921053	0.184238
-10.631442	-0.921553	0.184338
-10.631242	-0.922053	0.184438
-10.631042	-0.922553	0.184538
-10.630842	-0.923053	0.184638
-10.630642	-0.923554	0.184738
-10.630442	-0.924054	0.184838
-10.630242	-0.924554	0.184938
-10.630042	-0.925054	0.185038
-10.629842	-0.925554	0.185138
-10.629642	-0.926054	0.185238
-10.629442	-0.926554	0.185338
-10.629242	-0.927054	0.185438
-10.629042	-0.927554	0.185538
-10.628842	-0.928054	0.185638
-10.628642	-0.928554	0.185738
-10.628442	-0.929054	0.185838
-10.628242	-0.929554	0.185938
-10.628042	-0.930054	0.186038
-10.627842	-0.930554	0.186138
-10.627642	-0.931054	0.186238
-10.627442	-0.931554	0.186338
-10.627242	-0.932054	0.186438
-10.627042	-0.932554	0.186538
-10.626842	-0.933054	0.186638
-10.626642	-0.933554	0.186738
-10.626442	-0.934054	0.186838
-10.626242	-0.934554	0.186938
-10.626042	-0.935054	0.187038
-10.625842	-0.935555	0.187138
-10.625642	-0.936055	0.187238
-10.625442	-0.936555	0.187338
-10.625242	-0.937055	0.187438
-10.625042	-0.937555	0.187538
-10.624842	-0.938055	0.187638
-10.624642	-0.938555	0.187739
-10.624442	-0.939055	0.187839
-10.624242	-0.939555	0.187939
-10.624042	-0.940055	0.188039
-10.623842	-0.940555	0.188139
-10.623642	-0.941055	0.188239
-10.623442	-0.941555	0.188339
-10.623242	-0.942055	0.188439
-10.623042	-0.942555	0.188539
-10.622842	-0.943055	0.188639
-10.622642	-0.943555	0.188739
-10.622442	-0.944055	0.188839
-10.622242	-0.944555	0.188939
-10.622042	-0.945055	0.189039
-10.621842	-0.945555	0.189139
-10.621642	-0.946055	0.189239
-10.621442	-0.946555	0.189339
-10.621242	-0.947056	0.189439
-10.621042	-0.947556	0.189539
-10.620842	-0.948056	0.189639
-10.620642	-0.948556	0.189739
-10.620442	-0.949056	0.189839
-10.620242	-0.949556	0.189939
-10.620042	-0.950056	0.190039
-10.619842	-0.950556	0.190139
-10.619642	-0.951056	0.190239
-10.619442	-0.951556	0.190339
-10.619242	-0.952056	0.190439
-10.619042	-0.952556	0.190539
-10.618842	-0.953056	0.190639
-10.618642	-0.953556	0.190739
-10.618442	-0.954056	0.190839
-10.618242	-0.954556	0.190939
-10.618042	-0.955056	0.191039
-10.617842	-0.955556	0.191139
-10.617642	-0.956056	0.191239
-10.617442	-0.956556	0.191339
-10.617243	-0.957056	0.191439
-10.617043	-0.957556	0.191539
-10.616843	-0.958056	0.191639
-10.616643	-0.958556	0.191739
-10.616443	-0.959057	0.191839
-10.616243	-0.959557	0.191939
-10.616043	-0.960057	0.192039
-10.615843	-0.960557	0.192139
-10.615643	-0.961057	0.192239
-10.615443	-0.961557	0.192339
-10.615243	-0.962057	0.192439
-10.615043	-0.962557	0.192540
-10.614843	-0.963057	0.192640
-10.614643	-0.963557	0.192740
-10.614443	-0.964057	0.192840
-10.614243	-0.964557	0.192940
-10.614043	-0.965057	0.193040
-10.613843	-0.965557	0.193140
-10.613643	-0.966057	0.193240
-10.613443	-0.966557	0.193340
-10.613243	-0.967057	0.193440
-10.613043	-0.967557	0.193540
-10.612843	-0.968057	0.193640
-10.612643	-0.968557	0.193740
-10.612443	-0.969057	0.193840
-10.612243	-0.969557	0.193940
-10.612043	-0.970057	0.194040
-10.611843	-0.970558	0.194140
-10.611643	-0.971058	0.194240
-10.611443	-0.971558	0.194340
-10.611243	-0.972058	0.194440
-10.611043	-0.972558	0.194540
-10.610843	-0.973058	0.194640
-10.610643	-0.973558	0.194740
-10.610443	-0.974058	0.194840
-10.610243	-0.974558	0.194940
-10.610043	-0.975058	0.195040
-10.609843	-0.975558	0.195140
-10.609643	-0.976058	0.195240
-10.609443	-0.976558	0.195340
-10.609243	-0.977058	0.195440
-10.609043	-0.977558	0.195540
-10.608843	-0.978058	0.195640
-10.608643	-0.978558	0.195740
-10.608443	-0.979058	0.195840
-10.608243	-0.979558	0.195940
-10.608043	-0.980058	0.196040
-10.607843	-0.980558	0.196140
-10.607643	-0.981058	0.196240
-10.607443	-0.981558	0.196340
-10.607243	-0.982059	0.196440
-10.607043	-0.982559	0.196540
-10.606843	-0.983059	0.196640
-10.606643	-0.983559	0.196740
-10.606443	-0.984059	0.196840
-10.606243	-0.984559	0.196940
-10.606043	-0.985059	0.197040
-10.605843	-0.985559	0.197140
-10.605643	-0.986059	0.197240
-10.605443	-0.986559	0.197341
-10.605243	-0.987059	0.197441
-10.605043	-0.987559	0.197541
-10.604843	-0.988059	0.197641
-10.604643	-0.988559	0.197741
-10.604443	-0.989059	0.197841
-10.604243	-0.989559	0.197941
-10.604043	-0.990059	0.198041
-10.603843	-0.990559	0.198141
-10.603643	-0.991059	0.198241
-10.603443	-0.991559	0.198341
-10.603243	-0.992059	0.198441
-10.603043	-0.992559	0.198541
-10.602843	-0.993059	0.198641
-10.602643	-0.993559	0.198741
-10.602443	-0.994060	0.198841
-10.602243	-0.994560	0.198941
-10.602043	-0.995060	0.199041
-10.601843	-0.995560	0.199141
-10.601643	-0.996060	0.199241
-10.601443	-0.996560	0.199341
-10.601243	-0.997060	0.199441
-10.601043	-0.997560	0.199541
-10.600843	-0.998060	0.199641
-10.600643	-0.998560	0.199741
-10.600443	-0.999060	0.199841
-10.600243	-0.999560	0.199941
-10.600043	-1.000060	0.200041
