COM_X
-0.000025
-0.000183
-0.000823
-0.001444
-0.002048
-0.002635
-0.003203
-0.003753
-0.004286
-0.004801
-0.005298
-0.005778
-0.006240
-0.006684
-0.007110
-0.007519
-0.007910
-0.008284
-0.008640
-0.008978
-0.009299
-0.009603
-0.009889
-0.010157
-0.010408
-0.010642
-0.010858
-0.011057
-0.011238
-0.011402
-0.011549
-0.011678
-0.011791
-0.011886
-0.011963
-0.012024
-0.012067
-0.012094
-0.012103
-0.012095
-0.012070
-0.012028
-0.011968
-0.011892
-0.011799
-0.011689
-0.011562
-0.011418
-0.011257
-0.011079
-0.010885
-0.010673
-0.010445
-0.010200
-0.009939
-0.009660
-0.009365
-0.009053
-0.008725
-0.008380
-0.008018
-0.007640
-0.007245
-0.006834
-0.006406
-0.005962
-0.005502
-0.005025
-0.004531
-0.004021
-0.003495
-0.002953
-0.002394
-0.001819
-0.001228
-0.000621
0.000003
0.000643
0.001299
0.001971
0.002659
0.003363
0.004083
0.004819
0.005571
0.006339
0.007123
0.007923
0.008738
0.009570
0.010417
0.011280
0.012159
0.013053
0.013963
0.014889
0.015831
0.016788
0.017761
0.018749
0.019753
0.020772
0.021807
0.022857
0.023922
0.025003
0.026100
0.027211
0.028338
0.029480
0.030638
0.031811
0.032998
0.034201
0.035420
0.036653
0.037901
0.039164
0.040443
0.041736
0.043044
0.044368
0.045706
0.047059
0.048426
0.049809
0.051207
0.052619
0.054045
0.055487
0.056943
0.058414
0.059900
0.061399
0.062914
0.064443
0.065987
0.067545
0.069117
0.070704
0.072305
0.073920
0.075550
0.077194
0.078852
0.080525
0.082212
0.083912
0.085627
0.087356
0.089099
0.090856
0.092627
0.094412
0.096211
0.098024
0.099851
0.101691
0.103546
0.105414
0.107296
0.109191
0.111100
0.113023
0.114960
0.116910
0.118873
0.120850
0.122841
0.124845
0.126863
0.128894
0.130938
0.132995
0.135066
0.137150
0.139248
0.141358
0.143482
0.145619
0.147769
0.149932
0.152108
0.154297
0.156499
0.158714
0.160942
0.163182
0.165436
0.167702
0.169981
0.172273
0.174578
0.176895
0.179225
0.181568
0.183923
0.186290
0.188670
0.191063
0.193468
0.195885
0.198315
0.200757
0.203211
0.205678
0.208157
0.210648
0.213151
0.215667
0.218194
0.220734
0.223285
0.225849
0.228424
0.231012
0.233611
0.236222
0.238845
0.241480
0.244126
0.246784
0.249454
0.252136
0.254829
0.257533
0.260250
0.262977
0.265716
0.268467
0.271229
0.274002
0.276787
0.279583
0.282390
0.285208
0.288038
0.290878
0.293730
0.296593
0.299466
0.302351
0.305247
0.308154
0.311071
0.314000
0.316939
0.319889
0.322849
0.325821
0.328803
0.331795
0.334798
0.337812
0.340836
0.343871
0.346916
0.349972
0.353038
0.356114
0.359200
0.362297
0.365403
0.368521
0.371648
0.374785
0.377932
0.381089
0.384256
0.387433
0.390620
0.393817
0.397024
0.400240
0.403466
0.406702
0.409947
0.413202
0.416467
0.419741
0.423025
0.426318
0.429620
0.432932
0.436253
0.439583
0.442923
0.446271
0.449629
0.452996
0.456372
0.459758
0.463152
0.466555
0.469967
0.473388
0.476817
0.480256
0.483703
0.487159
0.490623
0.494096
0.497578
0.501068
0.504567
0.508074
0.511589
0.515113
0.518645
0.522185
0.525734
0.529291
0.532856
0.536429
0.540010
0.543598
0.547195
0.550800
0.554413
0.558033
0.561662
0.565298
0.568941
0.572593
0.576252
0.579918
0.583592
0.587273
0.590962
0.594658
0.598362
0.602073
0.605791
0.609516
0.613248
0.616987
0.620734
0.624487
0.628247
0.632014
0.635788
0.639569
0.643357
0.647151
0.650952
0.654759
0.658573
0.662394
0.666221
0.670054
0.673894
0.677740
0.681592
0.685451
0.689315
0.693186
0.697063
0.700945
0.704834
0.708729
0.712629
0.716536
0.720448
0.724365
0.728289
0.732218
0.736152
0.740092
0.744038
0.747989
0.751945
0.755906
0.759873
0.763845
0.767822
0.771804
0.775791
0.779783
0.783780
0.787781
0.791788
0.795799
0.799815
0.803836
0.807861
0.811891
0.815925
0.819963
0.824006
0.828054
0.832105
0.836161
0.840221
0.844285
0.848353
0.852425
0.856501
0.860580
0.864663
0.868751
0.872842
0.876936
0.881034
0.885135
0.889240
0.893349
0.897460
0.901575
0.905694
0.909815
0.913939
0.918067
0.922197
0.926330
0.930467
0.934605
0.938747
0.942891
0.947038
0.951188
0.955340
0.959494
0.963651
0.967810
0.971971
0.976134
0.980300
0.984467
0.988637
0.992808
0.996981
1.001157
1.005333
1.009512
1.013692
1.017873
1.022056
1.026241
1.030426
1.034613
1.038802
1.042991
1.047181
1.051373
1.055565
1.059758
1.063952
1.068147
1.072342
1.076538
1.080735
1.084932
1.089129
1.093327
1.097525
1.101723
1.105921
1.110119
1.114317
1.118516
1.122714
1.126911
1.131109
1.135306
1.139502
1.143698
1.147894
1.152088
1.156282
1.160476
1.164668
1.168859
1.173050
1.177239
1.181427
1.185614
1.189799
1.193984
1.198166
1.202347
1.206527
1.210704
1.214881
1.219055
1.223227
1.227397
1.231565
1.235731
1.239895
1.244056
1.248215
1.252372
1.256525
1.260677
1.264826
1.268972
1.273114
1.277254
1.281391
1.285526
1.289657
1.293784
1.297908
1.302029
1.306146
1.310259
1.314370
1.318476
1.322578
1.326677
1.330771
1.334862
1.338948
1.343030
1.347108
1.351181
1.355250
1.359314
1.363374
1.367428
1.371478
1.375524
1.379564
1.383598
1.387628
1.391653
1.395672
1.399686
1.403694
1.407697
1.411693
1.415684
1.419670
1.423649
1.427622
1.431590
1.435551
1.439505
1.443453
1.447395
1.451330
1.455258
1.459180
1.463095
1.467002
1.470903
1.474797
1.478683
1.482563
1.486434
1.490298
1.494155
1.498004
1.501845
1.505678
1.509504
1.513321
1.517130
1.520931
1.524723
1.528507
1.532283
1.536050
1.539807
1.543557
1.547298
1.551029
1.554751
1.558464
1.562168
1.565862
1.569547
1.573222
1.576888
1.580543
1.584189
1.587825
1.591451
1.595066
1.598671
1.602266
1.605851
1.609425
1.612988
1.616540
1.620081
1.623612
1.627131
1.630639
1.634136
1.637621
1.641095
1.644557
1.648007
1.651446
1.654873
1.658288
1.661690
1.665081
1.668459
1.671824
1.675177
1.678517
1.681845
1.685160
1.688462
1.691750
1.695025
1.698288
1.701537
1.704772
1.707994
1.711201
1.714395
1.717575
1.720742
1.723894
1.727031
1.730155
1.733264
1.736358
1.739438
1.742502
1.745552
1.748587
1.751607
1.754611
1.757600
1.760574
1.763532
1.766474
1.769401
1.772311
1.775206
1.778084
1.780947
1.783793
1.786622
1.789435
1.792231
1.795010
1.797772
1.800518
1.803246
1.805957
1.808650
1.811327
1.813985
1.816626
1.819249
1.821854
1.824440
1.827009
1.829560
1.832092
1.834605
1.837100
1.839576
1.842033
1.844471
1.846891
1.849290
1.851671
1.854032
1.856374
1.858695
1.860998
1.863280
1.865542
1.867784
1.870005
1.872207
1.874388
1.876548
1.878687
1.880806
1.882903
1.884980
1.887035
1.889069
1.891082
1.893073
1.895042
1.896989
1.898915
1.900818
1.902700
1.904559
1.906396
1.908210
1.910001
1.911770
1.913516
1.915239
1.916939
1.918615
1.920269
1.921898
1.923504
1.925087
1.926646
1.928180
1.929691
1.931177
1.932639
1.934077
1.935490
1.936879
1.938243
1.939581
1.940895
1.942184
1.943447
1.944685
1.945898
1.947085
1.948246
1.949382
1.950491
1.951574
1.952631
1.953662
1.954666
1.955644
1.956595
1.957519
1.958416
1.959287
1.960130
1.960945
1.961734
1.962495
1.963228
1.963933
1.964611
1.965261
1.965882
1.966476
1.967041
1.967577
1.968085
1.968564
1.969015
1.969436
1.969829
1.970192
1.970526
1.970831
1.971106
1.971351
1.971567
1.971753
1.971909
1.972035
1.972130
1.972196
1.972231
1.972235
1.972208
1.972151
1.972063
1.971944
1.971795
1.971613
1.971400
1.971156
1.970881
1.970573
1.970234
1.969863
1.969460
1.969025
1.968557
1.968058
1.967526
1.966961
1.966364
1.965734
1.965071
1.964375
1.963645
1.962883
1.962088
1.961259
1.960396
1.959500
1.958570
1.957606
1.956609
1.955577
1.954511
1.953411
1.952276
1.951107
1.949904
1.948665
1.947393
1.946085
1.944742
1.718322
1.718688
1.719022
1.719323
1.719592
1.719829
1.720032
1.720204
1.720341
1.720447
1.720519
1.720557
1.720562
1.720534
1.720472
1.720376
1.720247
1.720083
1.719885
1.719653
1.719387
1.719086
1.718751
1.718380
1.717976
1.717536
1.717060
1.716550
1.716005
1.715424
1.714808
1.714155
1.713468
1.712744
1.711984
1.711188
1.710356
1.709488
1.708583
1.707642
1.706664
1.705650
1.704598
1.703510
1.702384
1.701222
1.700022
1.698785
1.697510
1.696198
1.694848
1.693460
1.692034
1.690571
1.689069
1.687529
1.685951
1.684334
1.682680
1.680986
1.679254
1.677483
1.675673
1.673825
1.671937
1.670011
1.668044
1.666039
1.663995
1.661911
1.659787
1.657624
1.655421
1.653179
1.650896
1.648574
1.646211
1.643809
1.641366
1.638883
1.636359
1.633796
1.631192
1.628547
1.625861
1.623135
1.620368
1.617561
1.614712
1.611822
1.608892
1.605920
1.602907
1.599853
1.596758
1.593621
1.590443
1.587223
1.583962
1.580659
1.577315
1.573929
1.570501
1.567032
1.563520
1.559967
1.556372
1.552734
1.549055
1.545334
1.541571
1.537765
1.533917
1.530027
1.526095
1.522120
1.518103
1.514044
1.509943
1.505799
1.501612
1.497383
1.493111
1.488797
1.484440
1.480041
1.475599
1.471115
1.466588
1.462018
1.457406
1.452750
1.448052
1.443312
1.438528
1.433702
1.428834
1.423922
1.418968
1.413971
1.408931
1.403848
1.398723
1.393555
1.388344
1.383090
1.377794
1.372455
1.367073
1.361648
1.356181
1.350671
1.345119
1.339524
1.333886
1.328206
1.322483
1.316718
1.310910
1.305059
1.299167
1.293232
1.287254
1.281234
1.275172
1.269067
1.262920
1.256732
1.250500
1.244227
1.237912
1.231555
1.225156
1.218715
1.212232
1.205707
1.199141
1.192533
1.185884
1.179192
1.172460
1.165686
1.158871
1.152014
1.145117
1.138178
1.131198
1.124177
1.117115
1.110013
1.102870
1.095686
1.088462
1.081197
1.073892
1.066547
1.059161
1.051736
1.044270
1.036765
1.029220
0.785426
0.776983
0.768508
0.760003
0.751467
0.742900
0.734303
0.725675
0.717017
0.708329
0.699612
0.690864
0.682087
0.673281
0.664445
0.655581
0.646687
0.637765
0.628815
0.619836
0.610828
0.601793
0.592730
0.583640
0.574522
0.565376
0.556204
0.547005
0.537779
0.528527
0.519248
0.509943
0.500613
0.491256
0.481875
0.472467
0.463035
0.453578
0.444097
0.434590
0.425060
0.415506
0.405927
0.396326
0.386700
0.377052
0.367381
0.357687
0.347971
0.338232
0.328472
0.318689
0.308885
0.299060
0.289214
0.279347
0.269459
0.259551
0.249623
0.239675
0.229707
0.219720
0.209714
0.199689
0.189646
0.179584
0.169504
0.159406
0.149290
0.139158
0.129008
0.118841
0.108658
0.098459
0.088244
0.078013
0.067766
0.057505
0.047228
0.036937
0.026631
0.016312
0.005979
-0.004368
-0.014728
-0.025101
-0.035487
-0.045885
-0.056295
-0.066717
-0.077150
-0.087594
-0.098050
-0.108515
-0.118992
-0.129478
-0.139974
-0.150479
-0.160994
-0.171517
-0.182048
-0.192588
-0.203136
-0.213691
-0.224254
-0.234823
-0.245400
-0.255982
-0.266571
-0.277165
-0.287764
-0.298369
-0.308978
-0.319592
-0.330210
-0.340832
-0.351457
-0.362085
-0.372716
-0.383350
-0.393985
-0.404623
-0.415262
-0.425902
-0.436543
-0.447185
-0.457827
-0.468468
-0.479109
-0.489750
-0.500389
-0.511026
-0.521662
-0.532296
-0.542927
-0.553556
-0.564181
-0.574803
-0.585420
-0.596034
-0.606643
-0.617248
-0.627847
-0.638440
-0.649028
-0.659609
-0.670184
-0.680752
-0.691312
-0.701865
-0.712410
-0.722947
-0.733475
-0.743994
-0.754504
-0.765004
-0.775494
-0.785974
-0.796442
-0.806900
-0.817347
-0.827781
-0.838204
-0.848614
-0.859011
-0.869395
-0.879765
-0.890122
-0.900464
-0.910792
-0.921105
-0.931403
-0.941685
-0.951951
-0.962201
-0.972434
-0.982650
-0.992849
-1.003030
-1.013193
-1.023338
-1.033464
-1.043571
-1.053658
-1.063726
-1.073774
-1.083801
-1.093808
-1.103793
-1.113757
-1.123699
-1.133619
-1.143516
-1.153391
-1.163242
-1.173070
-1.182874
-1.192653
-1.202409
-1.212139
-1.221844
-1.231524
-1.241178
-1.250805
-1.260406
-1.269980
-1.279527
-1.289047
-1.298538
-1.308001
-1.317436
-1.326842
-1.336219
-1.345566
-1.354884
-1.364171
-1.373428
-1.382655
-1.391850
-1.401013
-1.410145
-1.419245
-1.428313
-1.437348
-1.446349
-1.455318
-1.464253
-1.473154
-1.482021
-1.490854
-1.499651
-1.508414
-1.517141
-1.525832
-1.534487
-1.543106
-1.551688
-1.560234
-1.568742
-1.577213
-1.585646
-1.594041
-1.602398
-1.610716
-1.618995
-1.627235
-1.635435
-1.643596
-1.651716
-1.659797
-1.667836
-1.675835
-1.683793
-1.691710
-1.699585
-1.707418
-1.715209
-1.722957
-1.730663
-1.738326
-1.745945
-1.753521
-1.761054
-1.768543
-1.775987
-1.783387
-1.790742
-1.798053
-1.805318
-1.812538
-1.819713
-1.826841
-1.833924
-1.840960
-1.847950
-1.854893
-1.861789
-1.868638
-1.875440
-1.882193
-1.888900
-1.895558
-1.902168
-1.908729
-1.915242
-1.921706
-1.928121
-1.934487
-1.940803
-1.947070
-1.953287
-1.959454
-1.965571
-1.971638
-1.977654
-1.983619
-1.989534
-1.995397
-2.001210
-2.006971
-2.012680
-2.018338
-2.023944
-2.029498
-2.034999
-2.040449
-2.045845
-2.051190
-2.056481
-2.061720
-2.066906
-2.072038
-2.077117
-2.082143
-2.087115
-2.092033
-2.096898
-2.101709
-2.106465
-2.111168
-2.115816
-2.120410
-2.124949
-2.129434
-2.133864
-2.138239
-2.142559
-2.146824
-2.151034
-2.155189
-2.159289
-2.163333
-2.167322
-2.171255
-2.175133
-2.178955
-2.182721
-2.186431
-2.190086
-2.193685
-2.197227
-2.200714
-2.204144
-2.207518
-2.210836
-2.214098
-2.217303
-2.220452
-2.223544
-2.226580
-2.229560
-2.232483
-2.235349
-2.238159
-2.240912
-2.243609
-2.246248
-2.248832
-2.251358
-2.253828
-2.256241
-2.258597
-2.260897
-2.263140
-2.265326
-2.267455
-2.269528
-2.271544
-2.273503
-2.275406
-2.277252
-2.279041
-2.280773
-2.282449
-2.284068
-2.285631
-2.287137
-2.288587
-2.289980
-2.291316
-2.292596
-2.293820
-2.294988
-2.296099
-2.297154
-2.298153
-2.299095
-2.299982
-2.300812
-2.301587
-2.302305
-2.302968
-2.303575
-2.304126
-2.304622
-2.305062
-2.305447
-2.305776
-2.306050
-2.306268
-2.306432
-2.306540
-2.306593
-2.306592
-2.306535
-2.306424
-2.306259
-2.306038
-2.305764
-2.305435
-2.305051
-2.304614
-2.304123
-2.303578
-2.302979
-2.302326
-2.301620
-2.300860
-2.300047
-2.299181
-2.298262
-2.297290
-2.296265
-2.295187
-2.294057
-2.292875
-2.291640
-2.290353
-2.289014
-2.287623
-2.286181
-2.284687
-2.283141
-2.281545
-2.279897
-2.278198
-2.276448
-2.274648
-2.272797
-2.270896
-2.268945
-2.266943
-2.264892
-2.262791
-2.260641
-2.258441
-2.256192
-2.253894
-2.251547
-2.249152
-2.246707
-2.244215
-2.241674
-2.239086
-2.236450
-2.233766
-2.231034
-2.228256
-2.225430
-2.222557
-2.219638
-2.216673
-2.213661
-2.210602
-2.207498
-2.204349
-2.201153
-2.197913
-2.194627
-2.191296
-2.187921
-2.184501
-2.181037
-2.177529
-2.173976
-2.170380
-2.166741
-2.163058
-2.159332
-2.155564
-2.151752
-2.147899
-2.144003
-2.140064
-2.136085
-2.132063
-2.128000
-2.123896
-2.119751
-2.115566
-2.111339
-2.107073
-2.102767
-2.098420
-2.094034
-2.089609
-2.085144
-2.080641
-2.076099
-2.071518
-2.066899
-2.062242
-2.057547
-2.052815
-2.048045
-2.043238
-2.038395
-2.033514
-2.028598
-2.023645
-2.018656
-2.013631
-2.008571
-2.003475
-1.998345
-1.993180
-1.987980
-1.982746
-1.977477
-1.972175
-1.966840
-1.961471
-1.956069
-1.950634
-1.945166
-1.939666
-1.934133
-1.928569
-1.922973
-1.917346
-1.911687
-1.905997
-1.900277
-1.894526
-1.888745
-1.882934
-1.877093
-1.871222
-1.865322
-1.859394
-1.853436
-1.847450
-1.841435
-1.835392
-1.829322
-1.823224
-1.817098
-1.810945
-1.804766
-1.798560
-1.792327
-1.786068
-1.779784
-1.773473
-1.767137
-1.760776
-1.754390
-1.747980
-1.741544
-1.735085
-1.728601
-1.722094
-1.715563
-1.709009
-1.702432
-1.695833
-1.689210
-1.682565
-1.675899
-1.669210
-1.662500
-1.655768
-1.649015
-1.642241
-1.635447
-1.628632
-1.621797
-1.614942
-1.608068
-1.601174
-1.594260
-1.587328
-1.580377
-1.573407
-1.566419
-1.559413
-1.552389
-1.545347
-1.538288
-1.531212
-1.524119
-1.517010
-1.509883
-1.502741
-1.495583
-1.488409
-1.481219
-1.474014
-1.466794
-1.459559
-1.452309
-1.445045
-1.437767
-1.430475
-1.423169
-1.415849
-1.408516
-1.401171
-1.393812
-1.386441
-1.379057
-1.371661
-1.364253
-1.356834
-1.349402
-1.341960
-1.334506
-1.327042
-1.319567
-1.312081
-1.304585
-1.297079
-1.289564
-1.282038
-1.274504
-1.266960
-1.259407
-1.251845
-1.244275
-1.236697
-1.229110
-1.221516
-1.213913
-1.206304
-1.198686
-1.191062
-1.183431
-1.175793
-1.168149
-1.160498
-1.152841
-1.145179
-1.137510
-1.129836
-1.122157
-1.114473
-1.106784
-1.099090
-1.091391
-1.083688
-1.075981
-1.068270
-1.060556
-1.052837
-1.045116
-1.037391
-1.029663
-1.021932
-1.014199
-1.006463
-0.998725
-0.990985
-0.983243
-0.975499
-0.967754
-0.960007
-0.952259
-0.944511
-0.936761
-0.929011
-0.921260
-0.913509
-0.905757
-0.898006
-0.890255
-0.882505
-0.874755
-0.867006
-0.859257
-0.851510
-0.843764
-0.836020
-0.828277
-0.820535
-0.812796
-0.805059
-0.797324
-0.789591
-0.781861
-0.774134
-0.766409
-0.758688
-0.750969
-0.743254
-0.735543
-0.727835
-0.720131
-0.712431
-0.704735
-0.697044
-0.689356
-0.681674
-0.673996
-0.666323
-0.658655
-0.650992
-0.643334
-0.635682
-0.628036
-0.620395
-0.612760
-0.605131
-0.597508
-0.589892
-0.582282
-0.574678
-0.567081
-0.559492
-0.551909
-0.544333
-0.536764
-0.529203
-0.521649
-0.514103
-0.506565
-0.499035
-0.491513
-0.483998
-0.476493
-0.468995
-0.461506
-0.454026
-0.446554
-0.439092
-0.431638
-0.424194
-0.416759
-0.409333
-0.401917
-0.394510
-0.387113
-0.379726
-0.372349
-0.364982
-0.357625
-0.350279
-0.342943
-0.335617
-0.328302
-0.320998
-0.313705
-0.306422
-0.299151
-0.291891
-0.284642
-0.277405
-0.270179
-0.262964
-0.255762
-0.248571
-0.241392
-0.234225
-0.227070
-0.219927
-0.212797
-0.205678
-0.198573
-0.191480
-0.184399
-0.177332
-0.170277
-0.163235
-0.156206
-0.149191
-0.142188
-0.135199
-0.128223
-0.121261
-0.114312
-0.107377
-0.100456
-0.093548
-0.086655
-0.079775
-0.072909
-0.066058
-0.059220
-0.052397
-0.045589
-0.038795
-0.032015
-0.025250
-0.018500
-0.011764
-0.005043
0.001663
0.008353
0.015029
0.021690
0.028336
0.034966
0.041581
0.048180
0.054764
0.061333
0.067886
0.074423
0.080945
0.087450
0.093940
0.100414
0.106872
0.113314
0.119740
0.126150
0.132543
0.138920
0.145281
0.151626
0.157954
0.164265
0.170560
0.176838
0.183100
0.189345
0.195573
0.201784
0.207979
0.214156
0.220317
0.226460
0.232586
0.238696
0.244788
0.250862
0.256920
0.262960
0.268983
0.274988
0.280976
0.286947
0.292900
0.298835
0.304753
0.310653
0.316535
0.322400
0.328247
0.334076
0.339887
0.345680
0.351455
0.357213
0.362952
0.368673
0.374376
0.380061
0.385728
0.391377
0.397008
0.402620
0.408214
0.413789
0.419347
0.424886
0.430406
0.435908
0.441392
0.446857
0.452304
0.457732
0.463142
0.468533
0.473905
0.479259
0.484594
0.489910
0.495208
0.500487
0.505747
0.510988
0.516211
0.521415
0.526600
0.531766
0.536913
0.542041
0.547150
0.552241
0.557312
0.562365
0.567398
0.572413
0.577408
0.582385
0.587342
0.592280
0.597200
0.602100
0.606981
0.611843
0.616686
0.621509
0.626314
0.631099
0.635866
0.640613
0.645340
0.650049
0.654739
0.659409
0.664060
0.668691
0.673304
0.677897
0.682471
0.687026
0.691562
0.696078
0.700575
0.705052
0.709511
0.713950
0.718370
0.722770
0.727151
0.731513
0.735856
0.740179
0.744483
0.748768
0.753034
0.757280
0.761506
0.765714
0.769902
0.774071
0.778221
0.782351
0.786462
0.790554
0.794627
0.798680
0.802714
0.806728
0.810724
0.814700
0.818657
0.822594
0.826513
0.830412
0.834292
0.838153
0.841994
0.845816
0.849619
0.853403
0.857168
0.860913
0.864640
0.868347
0.872035
0.875704
0.879353
0.882984
0.886595
0.890188
0.893761
0.897315
0.900850
0.904367
0.907864
0.911342
0.914801
0.918241
0.921662
0.925064
0.928447
0.931811
0.935156
0.938482
0.941790
0.945078
0.948348
0.951599
0.954830
0.958044
0.961238
0.964413
0.967570
0.970708
0.973827
0.976928
0.980009
0.983072
0.986117
0.989142
0.992150
0.995138
0.998108
