q_x
0.000000
0.001532
0.003064
0.004595
0.006126
0.007656
0.009187
0.010717
0.012246
0.013776
0.015305
0.016833
0.018362
0.019890
0.021417
0.022944
0.024471
0.025998
0.027524
0.029050
0.030575
0.032100
0.033624
0.035149
0.036672
0.038196
0.039719
0.041241
0.042764
0.044285
0.045807
0.047328
0.048848
0.050368
0.051888
0.053407
0.054926
0.056444
0.057962
0.059479
0.060996
0.062512
0.064028
0.065544
0.067059
0.068573
0.070088
0.071601
0.073114
0.074627
0.076139
0.077651
0.079162
0.080672
0.082182
0.083692
0.085201
0.086710
0.088218
0.089725
0.091232
0.092738
0.094244
0.095750
0.097254
0.098759
0.100262
0.101765
0.103268
0.104770
0.106271
0.107772
0.109272
0.110772
0.112271
0.113769
0.115267
0.116765
0.118261
0.119757
0.121253
0.122748
0.124242
0.125736
0.127229
0.128721
0.130213
0.131704
0.133194
0.134684
0.136173
0.137662
0.139150
0.140637
0.142124
0.143610
0.145095
0.146579
0.148063
0.149547
0.151029
0.152511
0.153992
0.155473
0.156952
0.158432
0.159910
0.161388
0.162865
0.164341
0.165816
0.167291
0.168765
0.170239
0.171711
0.173183
0.174655
0.176125
0.177595
0.179064
0.180532
0.181999
0.183466
0.184932
0.186397
0.187861
0.189325
0.190788
0.192250
0.193711
0.195172
0.196632
0.198090
0.199549
0.201006
0.202462
0.203918
0.205373
0.206827
0.208280
0.209733
0.211184
0.212635
0.214085
0.215534
0.216983
0.218430
0.219877
0.221322
0.222767
0.224211
0.225654
0.227097
0.228538
0.229979
0.231419
0.232857
0.234295
0.235732
0.237169
0.238604
0.240038
0.241472
0.242904
0.244336
0.245767
0.247197
0.248626
0.250054
0.251481
0.252907
0.254332
0.255757
0.257180
0.258603
0.260024
0.261445
0.262864
0.264283
0.265701
0.267118
0.268533
0.269948
0.271362
0.272775
0.274187
0.275598
0.277008
0.278417
0.279825
0.281232
0.282638
0.284043
0.285447
0.286850
0.288252
0.289653
0.291053
0.292452
0.293850
0.295246
0.296642
0.298037
0.299431
0.300824
0.302215
0.303606
0.304996
0.306384
0.307772
0.309158
0.310543
0.311928
0.313311
0.314693
0.316074
0.317454
0.318833
0.320211
0.321587
0.322963
0.324338
0.325711
0.327083
0.328455
0.329825
0.331194
0.332562
0.333928
0.335294
0.336658
0.338022
0.339384
0.340745
0.342105
0.343464
0.344821
0.346178
0.347533
0.348887
0.350240
0.351592
0.352943
0.354292
0.355641
0.356988
0.358334
0.359679
0.361022
0.362365
0.363706
0.365046
0.366385
0.367722
0.369059
0.370394
0.371728
0.373060
0.374392
0.375722
0.377051
0.378379
0.379706
0.381031
0.382355
0.383678
0.384999
0.386320
0.387639
0.388956
0.390273
0.391588
0.392902
0.394215
0.395526
0.396837
0.398145
0.399453
0.400759
0.402064
0.403368
0.404670
0.405971
0.407271
0.408570
0.409867
0.411162
0.412457
0.413750
0.415042
0.416332
0.417622
0.418909
0.420196
0.421481
0.422765
0.424047
0.425328
0.426608
0.427886
0.429163
0.430439
0.431713
0.432986
0.434257
0.435527
0.436796
0.438063
0.439329
0.440593
0.441856
0.443118
0.444378
0.445637
0.446895
0.448150
0.449405
0.450658
0.451910
0.453160
0.454409
0.455656
0.456902
0.458147
0.459390
0.460631
0.461871
0.463110
0.464347
0.465583
0.466817
0.468049
0.469281
0.470511
0.471739
0.472965
0.474191
0.475414
0.476637
0.477858
0.479077
0.480294
0.481511
0.482725
0.483939
0.485150
0.486360
0.487569
0.488776
0.489981
0.491185
0.492388
0.493588
0.494788
0.495985
0.497181
0.498376
0.499569
0.500760
0.501950
0.503138
0.504325
0.505510
0.506693
0.507875
0.509055
0.510234
0.511411
0.512587
0.513760
0.514933
0.516103
0.517272
0.518439
0.519605
0.520769
0.521931
0.523092
0.524251
0.525408
0.526564
0.527718
0.528870
0.530021
0.531170
0.532318
0.533463
0.534607
0.535750
0.536890
0.538029
0.539166
0.540302
0.541436
0.542568
0.543698
0.544827
0.545954
0.547079
0.548202
0.549324
0.550444
0.551562
0.552679
0.553794
0.554907
0.556018
0.557127
0.558235
0.559341
0.560445
0.561547
0.562648
0.563747
0.564844
0.565939
0.567032
0.568124
0.569214
0.570302
0.571388
0.572472
0.573555
0.574635
0.575714
0.576791
0.577866
0.578940
0.580011
0.581081
0.582149
0.583215
0.584279
0.585341
0.586401
0.587460
0.588516
0.589571
0.590624
0.591675
0.592724
0.593771
0.594816
0.595859
0.596900
0.597940
0.598978
0.600013
0.601047
0.602078
0.603108
0.604136
0.605162
0.606186
0.607208
0.608228
0.609246
0.610262
0.611277
0.612289
0.613299
0.614307
0.615313
0.616318
0.617320
0.618320
0.619318
0.620314
0.621309
0.622301
0.623291
0.624279
0.625265
0.626249
0.627231
0.628211
0.629189
0.630165
0.631139
0.632111
0.633080
0.634048
0.635013
0.635977
0.636938
0.637897
0.638855
0.639810
0.640763
0.641714
0.642662
0.643609
0.644554
0.645496
0.646436
0.647374
0.648310
0.649244
0.650176
0.651105
0.652033
0.652958
0.653881
0.654802
0.655721
0.656637
0.657552
0.658464
0.659374
0.660282
0.661187
0.662091
0.662992
0.663891
0.664787
0.665682
0.666574
0.667464
0.668352
0.669238
0.670121
0.671002
0.671881
0.672757
0.673632
0.674503
0.675373
0.676241
0.677106
0.677969
0.678829
0.679687
0.680543
0.681397
0.682248
0.683097
0.683944
0.684788
0.685630
0.686470
0.687307
0.688142
0.688975
0.689805
0.690633
0.691458
0.692281
0.693102
0.693920
0.694736
0.695550
0.696361
0.697170
0.697976
0.698780
0.699581
0.700380
0.701177
0.701971
0.702763
0.703552
0.704339
0.705124
0.705906
0.706685
0.707462
0.708236
0.709009
0.709778
0.710545
0.711310
0.712072
0.712831
0.713588
0.714343
0.715095
0.715844
0.716591
0.717336
0.718077
0.718817
0.719553
0.720288
0.721019
0.721748
0.722475
0.723198
0.723920
0.724638
0.725354
0.726068
0.726779
0.727487
0.728193
0.728896
0.729596
0.730294
0.730989
0.731681
0.732371
0.733058
0.733742
0.734424
0.735103
0.735780
0.736453
0.737124
0.737793
0.738458
0.739121
0.739781
0.740439
0.741094
0.741746
0.742395
0.743041
0.743685
0.744326
0.744964
0.745600
0.746233
0.746863
0.747490
0.748114
0.748736
0.749354
0.749970
0.750583
0.751194
0.751801
0.752406
0.753008
0.753607
0.754203
0.754796
0.755387
0.755974
0.756559
0.757140
0.757719
0.758295
0.758869
0.759439
0.760006
0.760570
0.761132
0.761690
0.762246
0.762799
0.763348
0.763895
0.764439
0.764980
0.765517
0.766052
0.766584
0.767113
0.767639
0.768162
0.768682
0.769199
0.769713
0.770224
0.770731
0.771236
0.771738
0.772236
0.772732
0.773225
0.773714
0.774201
0.774684
0.775164
0.775641
0.776115
0.776586
0.777054
0.777519
0.777980
0.778439
0.778894
0.779346
0.779795
0.780241
0.780684
0.781123
0.781559
0.781992
0.782422
0.782849
0.783273
0.783693
0.784110
0.784524
0.784935
0.785342
0.785746
0.786147
0.786545
0.786939
0.787330
0.787718
0.788103
0.788484
0.788862
0.789236
0.789608
0.789976
0.790340
0.790702
0.791060
0.791414
0.791766
0.792114
0.792458
0.792800
0.793137
0.793472
0.793803
0.794131
0.794455
0.794776
0.795093
0.795407
0.795718
0.796025
0.796328
0.796629
0.796925
0.797219
0.797508
0.797795
0.798078
0.798357
0.798633
0.798905
0.799174
0.799439
0.799701
0.799959
0.800214
0.800465
0.800712
0.800956
0.801197
0.801434
0.801667
0.801897
0.802123
0.802345
0.802564
0.802779
0.802991
0.803198
0.803403
0.803603
0.803800
0.803994
0.804183
0.804369
0.804552
0.804730
0.804905
0.805076
0.805244
0.805407
0.805567
0.805724
0.805876
0.806025
0.806170
0.806311
0.806449
0.806582
0.806712
0.806838
0.806960
0.807079
0.807194
0.807305
0.807411
0.807515
0.807614
0.807709
0.807801
0.807889
0.807973
0.808053
0.808129
0.808201
0.808269
0.808334
0.808394
0.808451
0.808503
0.808552
0.808597
0.808637
0.808674
0.808707
0.808736
0.808761
0.808782
0.808798
0.808811
0.808820
0.808825
0.808826
0.808823
0.808815
0.808804
0.808789
0.808769
0.808746
0.808718
0.808687
0.808651
0.808611
0.808567
0.808519
0.808467
0.808410
0.808350
0.808285
0.808216
0.808144
0.808066
0.807985
0.807900
0.807810
0.807716
0.807618
0.807516
0.807410
0.807299
0.807184
0.807065
0.806941
0.806814
0.806682
0.806546
0.806405
0.806261
0.806112
0.805958
0.805801
0.805639
0.805473
0.805302
0.805127
0.804948
0.804764
0.804576
0.804384
0.804188
0.803987
0.803781
0.803571
0.803357
0.803139
0.802916
0.802688
0.802456
0.802220
0.801980
0.801735
0.801485
0.801231
0.800972
0.800710
0.800442
0.800170
0.799894
0.799613
0.799328
0.799038
0.798743
0.798444
0.798141
0.797833
0.797520
0.797203
0.796882
0.796556
0.796225
0.795889
0.795550
0.795205
0.794856
0.794502
0.794144
0.793781
0.793413
0.793041
0.792665
0.792283
0.791897
0.791506
0.791111
0.790711
0.790306
0.789897
0.789483
0.789064
0.788640
0.788212
0.787780
0.787342
0.786900
0.786453
0.786001
0.785544
0.785083
0.784617
0.784147
0.783671
0.783191
0.782706
0.782216
0.781721
0.781222
0.780718
0.780209
0.779695
0.779177
0.778653
0.778125
0.777592
0.777055
0.776512
0.775964
0.775412
0.774855
0.774293
0.773726
0.773154
0.772577
0.771996
0.771410
0.770818
0.770222
0.769621
0.769015
0.768404
0.767788
0.767168
0.766542
0.765912
0.765276
0.764636
0.763990
0.763340
0.762685
0.762025
0.761360
0.760690
0.760015
0.759335
0.758650
0.757960
0.757265
0.756565
0.755860
0.755150
0.754436
0.753716
0.752991
0.752261
0.751526
0.750786
0.750042
0.749292
0.748537
0.747777
0.747012
0.746242
0.745467
0.744687
0.743902
0.743112
0.742317
0.741517
0.740711
0.739901
0.739086
0.738266
0.737440
0.736610
0.735774
0.734933
0.734088
0.733237
0.732381
0.731520
0.730654
0.729783
0.728907
0.728026
0.727140
0.726248
0.724452
0.723546
0.722635
0.721719
0.720799
0.719873
0.718942
0.718005
0.717064
0.716118
0.715166
0.714209
0.713248
0.712281
0.711309
0.710332
0.709350
0.708362
0.707370
0.706373
0.705370
0.704362
0.703350
0.702332
0.701309
0.700280
0.699247
0.698209
0.697165
0.696117
0.695063
0.694005
0.692941
0.691872
0.690798
0.689719
0.688634
0.687545
0.686451
0.685351
0.684247
0.683137
0.682022
0.680902
0.679777
0.678647
0.677512
0.676372
0.675227
0.674077
0.672921
0.671761
0.670596
0.669425
0.668250
0.667069
0.665883
0.664693
0.663497
0.662296
0.661091
0.659880
0.658664
0.657443
0.656217
0.654986
0.653751
0.652510
0.651264
0.650013
0.648757
0.647496
0.646231
0.644960
0.643684
0.642403
0.641118
0.639827
0.638532
0.637231
0.635926
0.634615
0.633300
0.631980
0.630655
0.629325
0.627990
0.626650
0.625305
0.623956
0.622601
0.621242
0.619878
0.618509
0.617135
0.615756
0.614373
0.612985
0.611592
0.610194
0.608791
0.607383
0.605971
0.604554
0.603132
0.601705
0.600274
0.598838
0.597397
0.595952
0.594501
0.593046
0.591587
0.590122
0.588653
0.587180
0.585701
0.584218
0.582731
0.581238
0.579741
0.578240
0.576734
0.575223
0.573708
0.572188
0.570664
0.569135
0.567601
0.566063
0.564521
0.562974
0.561422
0.559866
0.558306
0.556741
0.555171
0.553597
0.552019
0.550437
0.548850
0.547258
0.545662
0.544062
0.542458
0.540849
0.539236
0.537618
0.535996
0.534370
0.532740
0.531105
0.529466
0.527823
0.526176
0.524525
0.522869
0.521209
0.519545
0.517877
0.516204
0.514528
0.512847
0.511163
0.509474
0.507781
0.506084
0.504384
0.502679
0.500970
0.499257
0.497540
0.495819
0.494095
0.492366
0.490633
0.488897
0.487156
0.485412
0.483664
0.481912
0.480157
0.478397
0.476634
0.474867
0.473096
0.471321
0.469543
0.467761
0.465975
0.464186
0.462393
0.460597
0.458796
0.456993
0.455185
0.453374
0.451560
0.449742
0.447920
0.446095
0.444267
0.442435
0.440600
0.438761
0.436919
0.435073
0.433224
0.431372
0.429517
0.427658
0.425796
0.423930
0.422062
0.420190
0.418315
0.416436
0.414555
0.412670
0.410783
0.408892
0.406998
0.405101
0.403201
0.401298
0.399392
0.397483
0.395571
0.393656
0.391738
0.389817
0.387893
0.385967
0.384037
0.382105
0.380170
0.378232
0.376291
0.374348
0.372402
0.370453
0.368501
0.366547
0.364591
0.362631
0.360669
0.358705
0.356737
0.354768
0.352796
0.350821
0.348844
0.346864
0.344882
0.342898
0.340911
0.338922
0.336931
0.334937
0.332941
0.330942
0.328942
0.326939
0.324934
0.322927
0.320917
0.318906
0.316892
0.314876
0.312859
0.310839
0.308817
0.306793
0.304767
0.302740
0.300710
0.298678
0.296645
0.294609
0.292572
0.290533
0.288492
0.286449
0.284405
0.282359
0.280311
0.278262
0.276211
0.274158
0.272103
0.270047
0.267990
0.265931
0.263870
0.261808
0.259744
0.257679
0.255613
0.253545
0.251476
0.249405
0.247333
0.245260
0.243185
0.241109
0.239032
0.236954
0.234875
0.232794
0.230712
0.228629
0.226545
0.224460
0.222374
0.220287
0.218198
0.216109
0.214019
0.211928
0.209836
0.207743
0.205649
0.203555
0.201459
0.199363
0.197266
0.195168
0.193070
0.190970
0.188871
0.186770
0.184669
0.182567
0.180465
0.178362
0.176258
0.174154
0.172050
0.169945
0.167839
0.165733
0.163627
0.161520
0.159413
0.157306
0.155198
0.153090
0.150982
0.148873
0.146765
0.144656
0.142547
0.140438
0.138328
0.136219
0.134109
0.131999
0.129890
0.127780
0.125670
0.123561
0.121451
0.119342
0.117232
0.115123
0.113013
0.110904
0.108796
0.106687
0.104578
0.102470
0.100362
0.098255
0.096147
0.094040
0.091934
0.089827
0.087722
0.085616
0.083511
0.081407
0.079303
0.077199
0.075096
0.072994
0.070892
0.068790
0.066690
0.064590
0.062490
0.060392
0.058294
0.056196
0.054100
0.052004
0.049909
0.047815
0.045721
0.043629
0.041537
0.039446
0.037356
0.035267
0.033179
0.031092
0.029006
0.026921
0.024837
0.022754
0.020672
0.018591
0.016511
0.014433
0.012355
0.010279
0.008204
0.006130
0.004057
0.001985
-0.000085
-0.002154
-0.004221
-0.006288
-0.008353
-0.010417
-0.012479
-0.014540
-0.016599
-0.018657
-0.020714
-0.022769
-0.024823
-0.026875
-0.028926
-0.030975
-0.033023
-0.035069
-0.037113
-0.039156
-0.041197
-0.043237
-0.045275
-0.047311
-0.049345
-0.051378
-0.053409
-0.055439
-0.057466
-0.059492
-0.061516
-0.063538
-0.065559
-0.067577
-0.069594
-0.071609
-0.073622
-0.075633
-0.077642
-0.079649
-0.081654
-0.083657
-0.085658
-0.087658
-0.089655
-0.091650
-0.093643
-0.095634
-0.097623
-0.099610
-0.101594
-0.103577
-0.105558
-0.107536
-0.109512
-0.111486
-0.113458
-0.115427
-0.117394
-0.119359
-0.121322
-0.123283
-0.125241
-0.127197
-0.129150
-0.131102
-0.133051
-0.134997
-0.136941
-0.138883
-0.140822
-0.142759
-0.144694
-0.146626
-0.148556
-0.150483
-0.152408
-0.154330
-0.156250
-0.158167
-0.160081
-0.161994
-0.163903
-0.165810
-0.167715
-0.169616
-0.171516
-0.173412
-0.175306
-0.177198
-0.179086
-0.180972
-0.182856
-0.184736
-0.186614
-0.188490
-0.190362
-0.192232
-0.194099
-0.195964
-0.197825
-0.199684
-0.201540
-0.203393
-0.205244
-0.207091
-0.208936
-0.210778
-0.212617
-0.214453
-0.216286
-0.218117
-0.219944
-0.221769
-0.223591
-0.225410
-0.227226
-0.229039
-0.230849
-0.232656
-0.234460
-0.236261
-0.238059
-0.239854
-0.241646
-0.243436
-0.245222
-0.247005
-0.248785
-0.250562
-0.252336
-0.254107
-0.255874
-0.257639
-0.259401
-0.261159
-0.262915
-0.264667
-0.266416
-0.268162
-0.269905
-0.271645
-0.273382
-0.275115
-0.276846
-0.278573
-0.280297
-0.282018
-0.283735
-0.285450
-0.287161
-0.288869
-0.290573
-0.292275
-0.293973
-0.295668
-0.297360
-0.299048
-0.300734
-0.302416
-0.304094
-0.305770
-0.307442
-0.309111
-0.310776
-0.312439
-0.314097
-0.315753
-0.317405
-0.319054
-0.320700
-0.322342
-0.323981
-0.325617
-0.327249
-0.328878
-0.330503
-0.332125
-0.333744
-0.335359
-0.336971
-0.338580
-0.340185
-0.341787
-0.343385
-0.344980
-0.346571
-0.348159
-0.349744
-0.351325
-0.352903
-0.354477
-0.356048
-0.357616
-0.359180
-0.360740
-0.362297
-0.363851
-0.365401
-0.366948
-0.368491
-0.370031
-0.371567
-0.373100
-0.374629
-0.376155
-0.377677
-0.379196
-0.380711
-0.382223
-0.383731
-0.385236
-0.386737
-0.388235
-0.389729
-0.391220
-0.392707
-0.394190
-0.395670
-0.397147
-0.398620
-0.400089
-0.401555
-0.403018
-0.404476
-0.405932
-0.407383
-0.408831
-0.410276
-0.411717
-0.413154
-0.414588
-0.416019
-0.417445
-0.418868
-0.420288
-0.421704
-0.423116
-0.424525
-0.425931
-0.427332
-0.428730
-0.430125
-0.431516
-0.432903
-0.434287
-0.435667
-0.437044
-0.438417
-0.439786
-0.441152
-0.442514
-0.443873
-0.445228
-0.446579
-0.447927
-0.449271
-0.450611
-0.451948
-0.453282
-0.454611
-0.455938
-0.457260
-0.458579
-0.459894
-0.461206
-0.462514
-0.463819
-0.465119
-0.466417
-0.467710
-0.469000
-0.470287
-0.471569
-0.472849
-0.474124
-0.475396
-0.476664
-0.477929
-0.479190
-0.480448
-0.481701
-0.482952
-0.484198
-0.485441
-0.486681
-0.487916
-0.489148
-0.490377
-0.491602
-0.492823
-0.494041
-0.495255
-0.496465
-0.497672
-0.498875
-0.500075
-0.501271
-0.502463
-0.503652
-0.504837
-0.506019
-0.507196
-0.508371
-0.509541
-0.510709
-0.511872
-0.513032
-0.514188
-0.515341
-0.516490
-0.517635
-0.518777
-0.519915
-0.521050
-0.522181
-0.523308
-0.524432
-0.525552
-0.526669
-0.527782
-0.528891
-0.529997
-0.531099
-0.532198
-0.533293
-0.534385
-0.535472
-0.536557
-0.537637
-0.538715
-0.539788
-0.540858
-0.541924
-0.542987
-0.544046
-0.545102
-0.546154
-0.547203
-0.548247
-0.549289
-0.550327
-0.551361
-0.552391
-0.553418
-0.554442
-0.555462
-0.556478
-0.557491
-0.558500
-0.559506
-0.560508
-0.561507
-0.562502
-0.563493
-0.564481
-0.565466
-0.566446
-0.567424
-0.568398
-0.569368
-0.570334
-0.571298
-0.572257
-0.573213
-0.574166
-0.575115
-0.576060
-0.577002
-0.577941
-0.578876
-0.579807
-0.580735
-0.581660
-0.582581
-0.583498
-0.584412
-0.585322
-0.586229
-0.587132
-0.588032
-0.588929
-0.589822
-0.590711
-0.591597
-0.592479
-0.593358
-0.594234
-0.595106
-0.595974
-0.596839
-0.597701
-0.598559
-0.599413
-0.600264
-0.601112
-0.601956
-0.602797
-0.603634
-0.604468
-0.605298
-0.606125
-0.606949
-0.607769
-0.608585
-0.609399
-0.610208
-0.611015
-0.611817
-0.612617
-0.613413
-0.614205
-0.614994
-0.615780
-0.616562
-0.617341
-0.618117
-0.618889
-0.619657
-0.620422
-0.621184
-0.621943
-0.622698
-0.623449
-0.624197
-0.624942
-0.625684
-0.626422
-0.627156
-0.627887
-0.628615
-0.629340
-0.630061
-0.630779
-0.631493
-0.632204
-0.632912
-0.633616
-0.634317
-0.635015
-0.635709
-0.636400
-0.637087
-0.637771
-0.638452
-0.639130
-0.639804
-0.640475
-0.641142
-0.641806
-0.642467
-0.643125
-0.643779
-0.644430
-0.645077
-0.645721
-0.646362
-0.647000
-0.647634
-0.648265
-0.648893
-0.649517
-0.650138
-0.650756
-0.651371
-0.651982
-0.652590
-0.653194
-0.653796
-0.654394
-0.654989
-0.655580
-0.656169
-0.656754
-0.657335
-0.657914
-0.658489
-0.659061
-0.659630
-0.660195
-0.660758
-0.661317
-0.661872
-0.662425
-0.662974
-0.663520
-0.664063
-0.664603
-0.665139
-0.665672
-0.666202
-0.666729
-0.667252
-0.667773
-0.668290
-0.668804
-0.669314
-0.669822
-0.670326
-0.670827
-0.671325
-0.671820
-0.672311
-0.672799
-0.673285
-0.673767
-0.674245
-0.674721
-0.675193
-0.675663
-0.676129
-0.676592
-0.677052
-0.677508
-0.677962
-0.678412
-0.678859
-0.679303
-0.679744
-0.680182
-0.680617
-0.681048
-0.681477
-0.681902
-0.682324
-0.682743
-0.683159
-0.683572
-0.683981
-0.684388
-0.684791
-0.685191
-0.685589
-0.685983
-0.686374
-0.686762
-0.687147
-0.687528
-0.687907
-0.688282
-0.688655
-0.689024
-0.689391
-0.689754
-0.690114
-0.690471
-0.690825
-0.691176
-0.691524
-0.691869
-0.692211
-0.692550
-0.692885
-0.693218
-0.693547
-0.693874
-0.694198
-0.694518
-0.694836
-0.695150
-0.695461
-0.695770
-0.696075
-0.696377
-0.696677
-0.696973
-0.697266
-0.697557
-0.697844
-0.698128
-0.698409
-0.698688
-0.698963
-0.699235
-0.699505
-0.699771
-0.700034
-0.700294
-0.700552
-0.700806
-0.701058
