q_y
0.000000
0.000825
0.001651
0.002477
0.003304
0.004132
0.004959
0.005788
0.006617
0.007446
0.008276
0.009107
0.009938
0.010769
0.011601
0.012433
0.013266
0.014100
0.014934
0.015768
0.016603
0.017438
0.018274
0.019110
0.019947
0.020784
0.021621
0.022459
0.023298
0.024136
0.024976
0.025815
0.026655
0.027496
0.028337
0.029178
0.030020
0.030862
0.031704
0.032547
0.033390
0.034234
0.035078
0.035922
0.036767
0.037612
0.038458
0.039303
0.040149
0.040996
0.041843
0.042690
0.043537
0.044385
0.045233
0.046082
0.046931
0.047780
0.048629
0.049479
0.050329
0.051179
0.052030
0.052880
0.053731
0.054583
0.055435
0.056286
0.057139
0.057991
0.058844
0.059697
0.060550
0.061403
0.062257
0.063111
0.063965
0.064820
0.065674
0.066529
0.067384
0.068239
0.069095
0.069950
0.070806
0.071662
0.072518
0.073375
0.074231
0.075088
0.075945
0.076802
0.077659
0.078517
0.079374
0.080232
0.081090
0.081948
0.082806
0.083664
0.084523
0.085381
0.086240
0.087098
0.087957
0.088816
0.089675
0.090535
0.091394
0.092253
0.093113
0.093972
0.094832
0.095692
0.096551
0.097411
0.098271
0.099131
0.099991
0.100851
0.101711
0.102571
0.103431
0.104292
0.105152
0.106012
0.106872
0.107733
0.108593
0.109453
0.110314
0.111174
0.112034
0.112895
0.113755
0.114615
0.115476
0.116336
0.117196
0.118056
0.118916
0.119777
0.120637
0.121497
0.122357
0.123217
0.124076
0.124936
0.125796
0.126656
0.127515
0.128375
0.129234
0.130093
0.130953
0.131812
0.132671
0.133530
0.134388
0.135247
0.136106
0.136964
0.137823
0.138681
0.139539
0.140397
0.141255
0.142112
0.142970
0.143827
0.144684
0.145542
0.146398
0.147255
0.148112
0.148968
0.149824
0.150680
0.151536
0.152392
0.153247
0.154102
0.154957
0.155812
0.156667
0.157521
0.158375
0.159229
0.160083
0.160937
0.161790
0.162643
0.163496
0.164348
0.165200
0.166052
0.166904
0.167756
0.168607
0.169458
0.170309
0.171159
0.172009
0.172859
0.173709
0.174558
0.175407
0.176256
0.177104
0.177952
0.178800
0.179647
0.180494
0.181341
0.182187
0.183034
0.183879
0.184725
0.185570
0.186415
0.187259
0.188103
0.188947
0.189790
0.190633
0.191476
0.192318
0.193160
0.194002
0.194843
0.195683
0.196524
0.197364
0.198203
0.199042
0.199881
0.200719
0.201557
0.202395
0.203232
0.204068
0.204905
0.205740
0.206576
0.207411
0.208245
0.209079
0.209913
0.210746
0.211579
0.212411
0.213243
0.214074
0.214905
0.215735
0.216565
0.217394
0.218223
0.219052
0.219879
0.220707
0.221534
0.222360
0.223186
0.224011
0.224836
0.225661
0.226484
0.227308
0.228131
0.228953
0.229775
0.230596
0.231416
0.232236
0.233056
0.233875
0.234693
0.235511
0.236329
0.237145
0.237962
0.238777
0.239592
0.240407
0.241221
0.242034
0.242847
0.243659
0.244470
0.245281
0.246091
0.246901
0.247710
0.248519
0.249326
0.250134
0.250940
0.251746
0.252552
0.253356
0.254160
0.254964
0.255767
0.256569
0.257370
0.258171
0.258971
0.259771
0.260570
0.261368
0.262165
0.262962
0.263759
0.264554
0.265349
0.266143
0.266937
0.267729
0.268521
0.269313
0.270103
0.270893
0.271682
0.272471
0.273259
0.274046
0.274832
0.275618
0.276403
0.277187
0.277971
0.278753
0.279535
0.280317
0.281097
0.281877
0.282656
0.283434
0.284212
0.284988
0.285764
0.286540
0.287314
0.288088
0.288860
0.289633
0.290404
0.291174
0.291944
0.292713
0.293481
0.294249
0.295015
0.295781
0.296546
0.297310
0.298074
0.298836
0.299598
0.300359
0.301119
0.301878
0.302636
0.303394
0.304151
0.304907
0.305662
0.306416
0.307169
0.307922
0.308673
0.309424
0.310174
0.310923
0.311672
0.312419
0.313166
0.313911
0.314656
0.315400
0.316143
0.316885
0.317626
0.318367
0.319106
0.319845
0.320582
0.321319
0.322055
0.322790
0.323524
0.324257
0.324990
0.325721
0.326451
0.327181
0.327909
0.328637
0.329364
0.330090
0.330815
0.331538
0.332261
0.332984
0.333705
0.334425
0.335144
0.335862
0.336580
0.337296
0.338011
0.338726
0.339439
0.340152
0.340864
0.341574
0.342284
0.342992
0.343700
0.344407
0.345112
0.345817
0.346521
0.347224
0.347925
0.348626
0.349326
0.350025
0.350722
0.351419
0.352115
0.352810
0.353503
0.354196
0.354888
0.355579
0.356268
0.356957
0.357645
0.358331
0.359017
0.359701
0.360385
0.361067
0.361749
0.362429
0.363109
0.363787
0.364464
0.365141
0.365816
0.366490
0.367163
0.367835
0.368506
0.369176
0.369845
0.370513
0.371179
0.371845
0.372510
0.373173
0.373835
0.374497
0.375157
0.375816
0.376474
0.377132
0.377788
0.378442
0.379096
0.379749
0.380400
0.381051
0.381700
0.382349
0.382996
0.383642
0.384287
0.384931
0.385574
0.386215
0.386856
0.387495
0.388134
0.388771
0.389407
0.390042
0.390676
0.391309
0.391940
0.392571
0.393200
0.393828
0.394455
0.395081
0.395706
0.396330
0.396952
0.397574
0.398194
0.398813
0.399431
0.400048
0.400663
0.401278
0.401891
0.402504
0.403115
0.403725
0.404333
0.404941
0.405547
0.406153
0.406757
0.407360
0.407961
0.408562
0.409161
0.409760
0.410357
0.410953
0.411547
0.412141
0.412733
0.413324
0.413914
0.414503
0.415091
0.415677
0.416263
0.416847
0.417430
0.418011
0.418592
0.419171
0.419749
0.420326
0.420902
0.421477
0.422050
0.422622
0.423193
0.423763
0.424331
0.424899
0.425465
0.426030
0.426593
0.427156
0.427717
0.428277
0.428836
0.429394
0.429950
0.430505
0.431059
0.431612
0.432164
0.432714
0.433263
0.433811
0.434358
0.434903
0.435448
0.435991
0.436532
0.437073
0.437612
0.438150
0.438687
0.439223
0.439757
0.440291
0.440823
0.441353
0.441883
0.442411
0.442938
0.443464
0.443988
0.444512
0.445034
0.445554
0.446074
0.446592
0.447110
0.447625
0.448140
0.448654
0.449166
0.449676
0.450186
0.450695
0.451202
0.451708
0.452212
0.452716
0.453218
0.453719
0.454218
0.454717
0.455214
0.455710
0.456205
0.456698
0.457190
0.457681
0.458171
0.458659
0.459146
0.459632
0.460117
0.460600
0.461082
0.461563
0.462043
0.462521
0.462998
0.463474
0.463949
0.464422
0.464894
0.465365
0.465834
0.466303
0.466770
0.467235
0.467700
0.468163
0.468625
0.469086
0.469545
0.470004
0.470461
0.470916
0.471371
0.471824
0.472276
0.472727
0.473176
0.473624
0.474071
0.474517
0.474961
0.475404
0.475846
0.476287
0.476726
0.477164
0.477601
0.478036
0.478471
0.478904
0.479335
0.479766
0.480195
0.480623
0.481050
0.481475
0.481900
0.482323
0.482744
0.483165
0.483584
0.484002
0.484419
0.484834
0.485248
0.485661
0.486073
0.486483
0.486892
0.487300
0.487707
0.488112
0.488517
0.488920
0.489321
0.489722
0.490121
0.490519
0.490915
0.491311
0.491705
0.492098
0.492489
0.492880
0.493269
0.493657
0.494044
0.494429
0.494813
0.495196
0.495578
0.495959
0.496338
0.496716
0.497093
0.497468
0.497842
0.498215
0.498587
0.498958
0.499327
0.499695
0.500062
0.500428
0.500792
0.501155
0.501517
0.501878
0.502238
0.502596
0.502953
0.503309
0.503663
0.504017
0.504369
0.504720
0.505070
0.505418
0.505765
0.506111
0.506456
0.506800
0.507142
0.507484
0.507824
0.508162
0.508500
0.508836
0.509172
0.509505
0.509838
0.510170
0.510500
0.510829
0.511157
0.511484
0.511810
0.512134
0.512457
0.512779
0.513100
0.513420
0.513738
0.514055
0.514371
0.514686
0.515000
0.515312
0.515624
0.515934
0.516243
0.516551
0.516857
0.517163
0.517467
0.517770
0.518072
0.518373
0.518672
0.518971
0.519268
0.519564
0.519859
0.520153
0.520446
0.520737
0.521027
0.521317
0.521605
0.521892
0.522177
0.522462
0.522745
0.523028
0.523309
0.523589
0.523868
0.524146
0.524422
0.524698
0.524972
0.525246
0.525518
0.525789
0.526059
0.526327
0.526595
0.526862
0.527127
0.527392
0.527655
0.527917
0.528178
0.528438
0.528697
0.528954
0.529211
0.529467
0.529721
0.529975
0.530227
0.530478
0.530728
0.530977
0.531225
0.531472
0.531718
0.531962
0.532206
0.532449
0.532690
0.532931
0.533170
0.533408
0.533646
0.533882
0.534117
0.534351
0.534584
0.534816
0.535047
0.535277
0.535506
0.535734
0.535961
0.536187
0.536412
0.536635
0.536858
0.537080
0.537301
0.537520
0.537739
0.537957
0.538173
0.538389
0.538604
0.538817
0.539030
0.539242
0.539452
0.539662
0.539871
0.540078
0.540285
0.540491
0.540696
0.540900
0.541102
0.541304
0.541505
0.541705
0.541904
0.542102
0.542299
0.542495
0.542690
0.542885
0.543078
0.543270
0.543462
0.543652
0.543842
0.544030
0.544218
0.544405
0.544591
0.544775
0.544960
0.545143
0.545325
0.545506
0.545686
0.545866
0.546045
0.546222
0.546399
0.546575
0.546750
0.546924
0.547097
0.547270
0.547441
0.547612
0.547782
0.547951
0.548119
0.548286
0.548453
0.548618
0.548783
0.548947
0.549110
0.549272
0.549433
0.549594
0.549753
0.549912
0.550070
0.550227
0.550384
0.550539
0.550694
0.550848
0.551001
0.551154
0.551305
0.551456
0.551606
0.551755
0.551904
0.552051
0.552198
0.552345
0.552490
0.552634
0.552778
0.552921
0.553064
0.553205
0.553346
0.553486
0.553626
0.553764
0.553902
0.554039
0.554176
0.554312
0.554447
0.554581
0.554715
0.554847
0.554980
0.555111
0.555242
0.555372
0.555501
0.555630
0.555758
0.555886
0.556012
0.556138
0.556264
0.556388
0.556513
0.556636
0.556759
0.556881
0.557002
0.557123
0.557243
0.557363
0.557482
0.557600
0.557718
0.557835
0.557951
0.558067
0.558182
0.558297
0.558411
0.558524
0.558637
0.558750
0.558861
0.558972
0.559083
0.559193
0.559302
0.559411
0.559519
0.559627
0.559734
0.559841
0.559947
0.560053
0.560158
0.560262
0.560366
0.560469
0.560572
0.560675
0.560777
0.560878
0.560979
0.561079
0.561179
0.561279
0.561378
0.561476
0.561574
0.561672
0.561769
0.561865
0.561961
0.562152
0.562246
0.562340
0.562434
0.562527
0.562619
0.562712
0.562804
0.562896
0.562987
0.563078
0.563168
0.563258
0.563348
0.563438
0.563527
0.563616
0.563704
0.563792
0.563880
0.563968
0.564055
0.564142
0.564228
0.564314
0.564400
0.564486
0.564571
0.564656
0.564741
0.564826
0.564910
0.564994
0.565077
0.565161
0.565244
0.565327
0.565410
0.565492
0.565574
0.565656
0.565738
0.565819
0.565900
0.565982
0.566062
0.566143
0.566223
0.566303
0.566383
0.566463
0.566543
0.566622
0.566701
0.566780
0.566859
0.566938
0.567017
0.567095
0.567173
0.567251
0.567329
0.567407
0.567485
0.567562
0.567639
0.567717
0.567794
0.567871
0.567948
0.568025
0.568101
0.568178
0.568254
0.568331
0.568407
0.568483
0.568559
0.568635
0.568711
0.568787
0.568863
0.568939
0.569015
0.569090
0.569166
0.569242
0.569317
0.569393
0.569468
0.569544
0.569619
0.569695
0.569770
0.569845
0.569921
0.569996
0.570072
0.570147
0.570222
0.570298
0.570373
0.570449
0.570524
0.570600
0.570676
0.570751
0.570827
0.570903
0.570978
0.571054
0.571130
0.571206
0.571282
0.571358
0.571434
0.571511
0.571587
0.571664
0.571740
0.571817
0.571893
0.571970
0.572047
0.572124
0.572201
0.572279
0.572356
0.572434
0.572511
0.572589
0.572667
0.572745
0.572824
0.572902
0.572981
0.573059
0.573138
0.573217
0.573297
0.573376
0.573456
0.573535
0.573615
0.573696
0.573776
0.573856
0.573937
0.574018
0.574099
0.574181
0.574262
0.574344
0.574426
0.574508
0.574591
0.574674
0.574757
0.574840
0.574923
0.575007
0.575091
0.575175
0.575260
0.575345
0.575430
0.575515
0.575600
0.575686
0.575772
0.575859
0.575946
0.576033
0.576120
0.576207
0.576295
0.576384
0.576472
0.576561
0.576650
0.576739
0.576829
0.576919
0.577010
0.577101
0.577192
0.577283
0.577375
0.577467
0.577559
0.577652
0.577745
0.577839
0.577933
0.578027
0.578122
0.578217
0.578312
0.578408
0.578504
0.578601
0.578697
0.578795
0.578892
0.578991
0.579089
0.579188
0.579287
0.579387
0.579487
0.579587
0.579688
0.579790
0.579891
0.579994
0.580096
0.580199
0.580303
0.580407
0.580511
0.580616
0.580721
0.580827
0.580933
0.581039
0.581146
0.581254
0.581362
0.581470
0.581579
0.581688
0.581798
0.581908
0.582019
0.582130
0.582242
0.582354
0.582467
0.582580
0.582693
0.582807
0.582922
0.583037
0.583153
0.583269
0.583385
0.583502
0.583620
0.583738
0.583856
0.583976
0.584095
0.584215
0.584336
0.584457
0.584579
0.584701
0.584824
0.584947
0.585071
0.585195
0.585320
0.585445
0.585571
0.585697
0.585824
0.585952
0.586080
0.586208
0.586337
0.586467
0.586597
0.586728
0.586859
0.586991
0.587124
0.587257
0.587390
0.587524
0.587659
0.587794
0.587930
0.588066
0.588203
0.588341
0.588479
0.588617
0.588757
0.588896
0.589037
0.589178
0.589319
0.589461
0.589604
0.589747
0.589891
0.590035
0.590180
0.590326
0.590472
0.590618
0.590766
0.590913
0.591062
0.591211
0.591361
0.591511
0.591662
0.591813
0.591965
0.592117
0.592271
0.592424
0.592579
0.592734
0.592889
0.593045
0.593202
0.593359
0.593517
0.593676
0.593835
0.593995
0.594155
0.594316
0.594477
0.594639
0.594802
0.594965
0.595129
0.595294
0.595459
0.595625
0.595791
0.595958
0.596125
0.596293
0.596462
0.596631
0.596801
0.596972
0.597143
0.597315
0.597487
0.597660
0.597833
0.598007
0.598182
0.598357
0.598533
0.598710
0.598887
0.599064
0.599243
0.599422
0.599601
0.599781
0.599962
0.600143
0.600325
0.600507
0.600690
0.600874
0.601058
0.601243
0.601428
0.601614
0.601801
0.601988
0.602176
0.602364
0.602553
0.602742
0.602933
0.603123
0.603314
0.603506
0.603699
0.603892
0.604085
0.604279
0.604474
0.604669
0.604865
0.605062
0.605259
0.605456
0.605654
0.605853
0.606052
0.606252
0.606453
0.606654
0.606855
0.607057
0.607260
0.607463
0.607667
0.607871
0.608076
0.608282
0.608487
0.608694
0.608901
0.609109
0.609317
0.609525
0.609735
0.609944
0.610155
0.610366
0.610577
0.610789
0.611001
0.611214
0.611428
0.611642
0.611856
0.612071
0.612287
0.612503
0.612720
0.612937
0.613154
0.613372
0.613591
0.613810
0.614030
0.614250
0.614471
0.614692
0.614913
0.615136
0.615358
0.615581
0.615805
0.616029
0.616253
0.616478
0.616704
0.616930
0.617156
0.617383
0.617611
0.617838
0.618067
0.618295
0.618525
0.618754
0.618984
0.619215
0.619446
0.619677
0.619909
0.620142
0.620374
0.620607
0.620841
0.621075
0.621310
0.621544
0.621780
0.622015
0.622252
0.622488
0.622725
0.622962
0.623200
0.623438
0.623677
0.623916
0.624155
0.624395
0.624635
0.624875
0.625116
0.625357
0.625599
0.625841
0.626083
0.626326
0.626569
0.626813
0.627056
0.627300
0.627545
0.627790
0.628035
0.628280
0.628526
0.628772
0.629019
0.629265
0.629513
0.629760
0.630008
0.630256
0.630504
0.630753
0.631002
0.631251
0.631501
0.631750
0.632001
0.632251
0.632502
0.632753
0.633004
0.633255
0.633507
0.633759
0.634012
0.634264
0.634517
0.634770
0.635023
0.635277
0.635531
0.635785
0.636039
0.636293
0.636548
0.636803
0.637058
0.637313
0.637569
0.637825
0.638081
0.638337
0.638593
0.638850
0.639106
0.639363
0.639620
0.639878
0.640135
0.640393
0.640650
0.640908
0.641166
0.641424
0.641683
0.641941
0.642200
0.642459
0.642718
0.642977
0.643236
0.643495
0.643754
0.644014
0.644273
0.644533
0.644793
0.645053
0.645313
0.645573
0.645833
0.646093
0.646353
0.646614
0.646874
0.647135
0.647395
0.647656
0.647917
0.648177
0.648438
0.648699
0.648960
0.649220
0.649481
0.649742
0.650003
0.650264
0.650525
0.650786
0.651047
0.651308
0.651569
0.651830
0.652091
0.652351
0.652612
0.652873
0.653134
0.653395
0.653655
0.653916
0.654177
0.654437
0.654698
0.654958
0.655218
0.655479
0.655739
0.655999
0.656259
0.656519
0.656779
0.657039
0.657298
0.657558
0.657817
0.658077
0.658336
0.658595
0.658854
0.659113
0.659371
0.659630
0.659888
0.660146
0.660404
0.660662
0.660920
0.661178
0.661435
0.661692
0.661949
0.662206
0.662463
0.662720
0.662976
0.663232
0.663488
0.663743
0.663999
0.664254
0.664509
0.664764
0.665018
0.665273
0.665527
0.665781
0.666034
0.666288
0.666541
0.666793
0.667046
0.667298
0.667550
0.667802
0.668053
0.668304
0.668555
0.668805
0.669056
0.669306
0.669555
0.669804
0.670053
0.670302
0.670550
0.670798
0.671046
0.671293
0.671540
0.671786
0.672033
0.672278
0.672524
0.672769
0.673014
0.673258
0.673502
0.673746
0.673989
0.674232
0.674474
0.674716
0.674957
0.675199
0.675439
0.675680
0.675919
0.676159
0.676398
0.676636
0.676874
0.677112
0.677349
0.677586
0.677822
0.678058
0.678293
0.678528
0.678763
0.678997
0.679230
0.679463
0.679695
0.679927
0.680159
0.680389
0.680620
0.680850
0.681079
0.681308
0.681536
0.681764
0.681991
0.682218
0.682444
0.682669
0.682894
0.683119
0.683342
0.683566
0.683788
0.684011
0.684232
0.684453
0.684673
0.684893
0.685112
0.685331
0.685549
0.685766
0.685983
0.686199
0.686414
0.686629
0.686843
0.687057
0.687269
0.687482
0.687693
0.687904
0.688114
0.688324
0.688533
0.688741
0.688949
0.689156
0.689362
0.689567
0.689772
0.689976
0.690180
0.690382
0.690584
0.690786
0.690986
0.691186
0.691385
0.691584
0.691781
0.691978
0.692174
0.692370
0.692564
0.692758
0.692951
0.693144
0.693335
0.693526
0.693716
0.693905
0.694094
0.694282
0.694469
0.694655
0.694840
0.695024
0.695208
0.695391
0.695573
0.695754
0.695935
0.696114
0.696293
0.696471
0.696648
0.696824
0.697000
0.697174
0.697348
0.697521
0.697693
0.697864
0.698034
0.698203
0.698372
0.698539
0.698706
0.698872
0.699037
0.699201
0.699364
0.699526
0.699687
0.699848
0.700007
0.700166
0.700323
0.700480
0.700636
0.700790
0.700944
0.701097
0.701249
0.701400
0.701550
0.701699
0.701847
0.701995
0.702141
0.702286
0.702430
0.702574
0.702716
0.702857
0.702998
0.703137
0.703275
0.703413
0.703549
0.703684
0.703818
0.703952
0.704084
0.704215
0.704345
0.704475
0.704603
0.704730
0.704856
0.704981
0.705105
0.705228
0.705350
0.705471
0.705590
0.705709
0.705827
0.705943
0.706059
0.706173
0.706286
0.706399
0.706510
0.706620
0.706729
0.706837
0.706943
0.707049
0.707154
0.707257
0.707359
0.707461
0.707561
0.707660
0.707758
0.707854
0.707950
0.708044
0.708137
0.708230
0.708321
0.708410
0.708499
0.708587
0.708673
0.708758
0.708842
0.708925
0.709007
0.709088
0.709167
0.709245
0.709322
0.709398
0.709472
0.709546
0.709618
0.709689
0.709759
0.709828
0.709895
0.709961
0.710026
0.710090
0.710153
0.710214
0.710274
0.710333
0.710391
0.710447
0.710502
0.710556
0.710609
0.710660
0.710710
0.710759
0.710807
0.710854
0.710899
0.710943
0.710985
0.711027
0.711067
0.711106
0.711143
0.711180
0.711215
0.711248
0.711281
0.711312
0.711342
0.711370
0.711398
0.711424
0.711448
0.711472
0.711494
0.711514
0.711534
0.711552
0.711569
0.711584
0.711598
0.711611
0.711623
0.711633
0.711642
0.711649
0.711655
0.711660
0.711664
0.711666
0.711667
0.711666
0.711664
0.711661
0.711656
0.711650
0.711643
0.711634
0.711624
0.711613
0.711600
0.711586
0.711570
0.711553
0.711535
0.711516
0.711494
0.711472
0.711448
0.711423
0.711396
0.711368
0.711339
0.711308
0.711276
0.711242
0.711207
0.711171
0.711133
0.711094
0.711053
0.711011
0.710967
0.710923
0.710876
0.710828
0.710779
0.710729
0.710677
0.710623
0.710568
0.710512
0.710454
0.710395
0.710334
0.710272
0.710209
0.710144
0.710077
0.710009
0.709940
0.709869
0.709797
0.709723
0.709648
0.709571
0.709493
0.709414
0.709333
0.709250
0.709166
0.709081
0.708994
0.708905
0.708816
0.708724
0.708631
0.708537
0.708441
