q_z
0.707107
0.707223
0.707337
0.707448
0.707556
0.707661
0.707764
0.707863
0.707960
0.708054
0.708146
0.708234
0.708320
0.708403
0.708484
0.708561
0.708636
0.708708
0.708777
0.708844
0.708907
0.708968
0.709026
0.709082
0.709134
0.709184
0.709231
0.709275
0.709317
0.709356
0.709392
0.709425
0.709456
0.709484
0.709509
0.709531
0.709551
0.709568
0.709582
0.709593
0.709602
0.709608
0.709611
0.709611
0.709609
0.709604
0.709596
0.709586
0.709572
0.709556
0.709538
0.709516
0.709492
0.709465
0.709436
0.709403
0.709368
0.709331
0.709290
0.709247
0.709201
0.709153
0.709101
0.709047
0.708991
0.708931
0.708869
0.708804
0.708737
0.708667
0.708594
0.708518
0.708440
0.708359
0.708275
0.708189
0.708099
0.708008
0.707913
0.707816
0.707716
0.707614
0.707508
0.707400
0.707290
0.707177
0.707061
0.706942
0.706821
0.706697
0.706570
0.706441
0.706309
0.706174
0.706037
0.705896
0.705754
0.705608
0.705460
0.705310
0.705156
0.705000
0.704842
0.704680
0.704516
0.704349
0.704180
0.704008
0.703833
0.703656
0.703476
0.703294
0.703108
0.702920
0.702730
0.702537
0.702341
0.702142
0.701941
0.701737
0.701531
0.701322
0.701110
0.700896
0.700679
0.700459
0.700237
0.700012
0.699784
0.699554
0.699321
0.699086
0.698848
0.698607
0.698364
0.698118
0.697869
0.697618
0.697364
0.697108
0.696849
0.696587
0.696323
0.696056
0.695786
0.695514
0.695239
0.694962
0.694682
0.694399
0.694114
0.693826
0.693536
0.693243
0.692947
0.692649
0.692348
0.692044
0.691738
0.691430
0.691118
0.690805
0.690488
0.690169
0.689847
0.689523
0.689196
0.688867
0.688534
0.688200
0.687863
0.687523
0.687180
0.686835
0.686488
0.686137
0.685785
0.685429
0.685071
0.684711
0.684348
0.683982
0.683614
0.683243
0.682869
0.682493
0.682115
0.681733
0.681350
0.680963
0.680574
0.680183
0.679789
0.679392
0.678993
0.678591
0.678187
0.677780
0.677370
0.676958
0.676544
0.676127
0.675707
0.675285
0.674860
0.674432
0.674002
0.673570
0.673135
0.672697
0.672257
0.671814
0.671369
0.670921
0.670470
0.670017
0.669562
0.669104
0.668643
0.668180
0.667714
0.667246
0.666775
0.666302
0.665826
0.665347
0.664866
0.664383
0.663897
0.663408
0.662917
0.662423
0.661927
0.661428
0.660927
0.660423
0.659917
0.659408
0.658896
0.658382
0.657866
0.657347
0.656825
0.656301
0.655774
0.655245
0.654713
0.654179
0.653642
0.653103
0.652561
0.652017
0.651470
0.650921
0.650369
0.649814
0.649258
0.648698
0.648136
0.647572
0.647005
0.646435
0.645863
0.645289
0.644711
0.644132
0.643550
0.642965
0.642378
0.641789
0.641196
0.640602
0.640005
0.639405
0.638803
0.638198
0.637591
0.636981
0.636369
0.635755
0.635137
0.634518
0.633896
0.633271
0.632644
0.632014
0.631382
0.630747
0.630110
0.629470
0.628828
0.628184
0.627536
0.626887
0.626235
0.625580
0.624923
0.624264
0.623601
0.622937
0.622270
0.621600
0.620928
0.620254
0.619577
0.618897
0.618215
0.617531
0.616844
0.616155
0.615463
0.614768
0.614072
0.613372
0.612671
0.611966
0.611260
0.610550
0.609839
0.609125
0.608408
0.607689
0.606967
0.606243
0.605517
0.604788
0.604056
0.603322
0.602586
0.601847
0.601106
0.600362
0.599616
0.598867
0.598116
0.597362
0.596606
0.595848
0.595087
0.594323
0.593557
0.592789
0.592018
0.591245
0.590469
0.589691
0.588910
0.588127
0.587342
0.586554
0.585763
0.584970
0.584175
0.583377
0.582577
0.581774
0.580969
0.580161
0.579351
0.578539
0.577724
0.576906
0.576087
0.575264
0.574440
0.573613
0.572783
0.571951
0.571116
0.570279
0.569440
0.568598
0.567754
0.566907
0.566058
0.565207
0.564353
0.563497
0.562638
0.561777
0.560913
0.560047
0.559178
0.558307
0.557434
0.556558
0.555680
0.554799
0.553916
0.553031
0.552143
0.551253
0.550360
0.549465
0.548567
0.547667
0.546764
0.545860
0.544952
0.544043
0.543131
0.542216
0.541299
0.540380
0.539458
0.538534
0.537607
0.536678
0.535747
0.534813
0.533877
0.532938
0.531997
0.531054
0.530108
0.529160
0.528209
0.527256
0.526301
0.525343
0.524383
0.523420
0.522455
0.521488
0.520518
0.519546
0.518571
0.517594
0.516615
0.515633
0.514649
0.513662
0.512673
0.511682
0.510688
0.509692
0.508694
0.507693
0.506689
0.505684
0.504676
0.503665
0.502653
0.501637
0.500620
0.499600
0.498577
0.497553
0.496526
0.495496
0.494464
0.493430
0.492394
0.491355
0.490314
0.489270
0.488224
0.487175
0.486125
0.485071
0.484016
0.482958
0.481898
0.480835
0.479770
0.478703
0.477633
0.476561
0.475487
0.474410
0.473331
0.472250
0.471166
0.470080
0.468991
0.467900
0.466807
0.465712
0.464614
0.463513
0.462411
0.461306
0.460199
0.459089
0.457977
0.456863
0.455746
0.454627
0.453506
0.452382
0.451256
0.450128
0.448997
0.447864
0.446729
0.445591
0.444451
0.443309
0.442164
0.441017
0.439868
0.438716
0.437562
0.436406
0.435247
0.434087
0.432923
0.431758
0.430590
0.429420
0.428247
0.427073
0.425895
0.424716
0.423534
0.422350
0.421164
0.419975
0.418785
0.417591
0.416396
0.415198
0.413998
0.412795
0.411591
0.410384
0.409174
0.407963
0.406749
0.405533
0.404314
0.403093
0.401870
0.400645
0.399418
0.398188
0.396956
0.395721
0.394484
0.393245
0.392004
0.390761
0.389515
0.388267
0.387016
0.385764
0.384509
0.383252
0.381992
0.380731
0.379467
0.378201
0.376932
0.375661
0.374388
0.373113
0.371836
0.370556
0.369274
0.367990
0.366704
0.365415
0.364124
0.362831
0.361535
0.360238
0.358938
0.357636
0.356332
0.355025
0.353716
0.352405
0.351092
0.349777
0.348459
0.347139
0.345817
0.344493
0.343166
0.341837
0.340506
0.339173
0.337838
0.336500
0.335160
0.333818
0.332474
0.331128
0.329779
0.328429
0.327076
0.325721
0.324363
0.323004
0.321642
0.320278
0.318912
0.317544
0.316173
0.314801
0.313426
0.312049
0.310670
0.309289
0.307905
0.306520
0.305132
0.303742
0.302350
0.300956
0.299560
0.298161
0.296761
0.295358
0.293953
0.292546
0.291137
0.289725
0.288312
0.286896
0.285479
0.284059
0.282637
0.281213
0.279787
0.278358
0.276928
0.275495
0.274061
0.272624
0.271185
0.269744
0.268301
0.266856
0.265409
0.263960
0.262508
0.261055
0.259599
0.258142
0.256682
0.255220
0.253756
0.252290
0.250822
0.249352
0.247880
0.246406
0.244930
0.243452
0.241971
0.240489
0.239005
0.237518
0.236030
0.234539
0.233047
0.231552
0.230056
0.228557
0.227056
0.225554
0.224049
0.222542
0.221034
0.219523
0.218011
0.216496
0.214979
0.213461
0.211940
0.210417
0.208893
0.207366
0.205838
0.204307
0.202775
0.201241
0.199704
0.198166
0.196626
0.195083
0.193539
0.191993
0.190445
0.188895
0.187343
0.185789
0.184234
0.182676
0.181116
0.179555
0.177992
0.176426
0.174859
0.173290
0.171719
0.170146
0.168571
0.166995
0.165416
0.163836
0.162254
0.160670
0.159084
0.157496
0.155906
0.154315
0.152721
0.151126
0.149529
0.147930
0.146330
0.144727
0.143123
0.141517
0.139909
0.138299
0.136688
0.135074
0.133459
0.131842
0.130224
0.128603
0.126981
0.125357
0.123731
0.122104
0.120475
0.118844
0.117211
0.115577
0.113940
0.112302
0.110663
0.109022
0.107378
0.105734
0.104087
0.102439
0.100789
0.099138
0.097485
0.095830
0.094173
0.092515
0.090855
0.089194
0.087531
0.085866
0.084199
0.082531
0.080862
0.079190
0.077517
0.075843
0.074167
0.072489
0.070810
0.069129
0.067446
0.065762
0.064077
0.062390
0.060701
0.059011
0.057319
0.055626
0.053931
0.052234
0.050536
0.048837
0.047136
0.045434
0.043730
0.042024
0.040318
0.038609
0.036900
0.035188
0.033476
0.031761
0.030046
0.028329
0.026610
0.024891
0.023169
0.021447
0.019723
0.017997
0.016270
0.014542
0.012813
0.011082
0.009349
0.007616
0.005881
0.004145
0.002407
0.000668
-0.001072
-0.002814
-0.004556
-0.006301
-0.008046
-0.009793
-0.011541
-0.013290
-0.015040
-0.016792
-0.018545
-0.020299
-0.022054
-0.023811
-0.025568
-0.027327
-0.029087
-0.030849
-0.032611
-0.034375
-0.036139
-0.037905
-0.039672
-0.041440
-0.043210
-0.044980
-0.046751
-0.048524
-0.050297
-0.052072
-0.053848
-0.055625
-0.057402
-0.059181
-0.060961
-0.062742
-0.064524
-0.066307
-0.068091
-0.069876
-0.071661
-0.073448
-0.075236
-0.077025
-0.078814
-0.080605
-0.082396
-0.084189
-0.085982
-0.087776
-0.089571
-0.091367
-0.093163
-0.094961
-0.096759
-0.098559
-0.100358
-0.102159
-0.103961
-0.105763
-0.107566
-0.109370
-0.111175
-0.112980
-0.114786
-0.116593
-0.118401
-0.120209
-0.122018
-0.123827
-0.125638
-0.127449
-0.129260
-0.131072
-0.132885
-0.134698
-0.136512
-0.138327
-0.140142
-0.141958
-0.143774
-0.145591
-0.147408
-0.149226
-0.151044
-0.152863
-0.154682
-0.156502
-0.158322
-0.160143
-0.161964
-0.163785
-0.165607
-0.167430
-0.169252
-0.171075
-0.172899
-0.174723
-0.176547
-0.178371
-0.180196
-0.182021
-0.183846
-0.185671
-0.187497
-0.189323
-0.191149
-0.192976
-0.194803
-0.196630
-0.198457
-0.200284
-0.202111
-0.203939
-0.205766
-0.207594
-0.209422
-0.211250
-0.213078
-0.214906
-0.216734
-0.218562
-0.220390
-0.222218
-0.224046
-0.225874
-0.227702
-0.229530
-0.231358
-0.233186
-0.235013
-0.236841
-0.238668
-0.240496
-0.242323
-0.244150
-0.245976
-0.247803
-0.249629
-0.251455
-0.253281
-0.255107
-0.256932
-0.258757
-0.260582
-0.262406
-0.264230
-0.266054
-0.267877
-0.269700
-0.271523
-0.273345
-0.275167
-0.276988
-0.278809
-0.280629
-0.282449
-0.284268
-0.286087
-0.287905
-0.289723
-0.291540
-0.293356
-0.295172
-0.296987
-0.298802
-0.300616
-0.302429
-0.304242
-0.306053
-0.307865
-0.309675
-0.311485
-0.313293
-0.315102
-0.316909
-0.318715
-0.320521
-0.322326
-0.324129
-0.325932
-0.327734
-0.329535
-0.331336
-0.333135
-0.334933
-0.336730
-0.338526
-0.340322
-0.342116
-0.343909
-0.345701
-0.347492
-0.349281
-0.351070
-0.352857
-0.354644
-0.356429
-0.358213
-0.359995
-0.363555
-0.365332
-0.367107
-0.368882
-0.370655
-0.372426
-0.374196
-0.375965
-0.377733
-0.379499
-0.381263
-0.383026
-0.384787
-0.386547
-0.388306
-0.390063
-0.391818
-0.393571
-0.395323
-0.397074
-0.398823
-0.400570
-0.402315
-0.404059
-0.405801
-0.407541
-0.409279
-0.411016
-0.412751
-0.414483
-0.416215
-0.417944
-0.419671
-0.421396
-0.423120
-0.424841
-0.426561
-0.428279
-0.429994
-0.431708
-0.433419
-0.435129
-0.436836
-0.438541
-0.440244
-0.441945
-0.443644
-0.445340
-0.447035
-0.448727
-0.450417
-0.452104
-0.453789
-0.455472
-0.457153
-0.458831
-0.460507
-0.462181
-0.463852
-0.465520
-0.467187
-0.468850
-0.470512
-0.472170
-0.473826
-0.475480
-0.477131
-0.478780
-0.480425
-0.482068
-0.483709
-0.485347
-0.486982
-0.488614
-0.490244
-0.491871
-0.493495
-0.495116
-0.496735
-0.498350
-0.499963
-0.501573
-0.503180
-0.504784
-0.506385
-0.507983
-0.509578
-0.511170
-0.512759
-0.514345
-0.515928
-0.517507
-0.519084
-0.520658
-0.522228
-0.523795
-0.525359
-0.526920
-0.528477
-0.530032
-0.531583
-0.533130
-0.534675
-0.536216
-0.537753
-0.539287
-0.540818
-0.542346
-0.543869
-0.545390
-0.546907
-0.548420
-0.549930
-0.551437
-0.552939
-0.554439
-0.555934
-0.557426
-0.558914
-0.560399
-0.561880
-0.563357
-0.564830
-0.566300
-0.567766
-0.569228
-0.570686
-0.572141
-0.573591
-0.575038
-0.576481
-0.577920
-0.579355
-0.580786
-0.582213
-0.583636
-0.585055
-0.586470
-0.587881
-0.589287
-0.590690
-0.592089
-0.593483
-0.594873
-0.596259
-0.597641
-0.599019
-0.600392
-0.601762
-0.603127
-0.604487
-0.605843
-0.607195
-0.608543
-0.609886
-0.611225
-0.612560
-0.613890
-0.615215
-0.616536
-0.617853
-0.619165
-0.620472
-0.621776
-0.623074
-0.624368
-0.625657
-0.626942
-0.628222
-0.629497
-0.630768
-0.632034
-0.633295
-0.634552
-0.635804
-0.637051
-0.638293
-0.639531
-0.640763
-0.641991
-0.643214
-0.644432
-0.645646
-0.646854
-0.648057
-0.649256
-0.650449
-0.651638
-0.652822
-0.654000
-0.655174
-0.656342
-0.657506
-0.658664
-0.659817
-0.660966
-0.662109
-0.663247
-0.664379
-0.665507
-0.666629
-0.667747
-0.668859
-0.669966
-0.671067
-0.672163
-0.673254
-0.674340
-0.675421
-0.676496
-0.677565
-0.678630
-0.679689
-0.680742
-0.681791
-0.682833
-0.683871
-0.684903
-0.685929
-0.686950
-0.687966
-0.688976
-0.689981
-0.690980
-0.691973
-0.692961
-0.693943
-0.694920
-0.695891
-0.696857
-0.697817
-0.698771
-0.699720
-0.700663
-0.701600
-0.702532
-0.703458
-0.704378
-0.705293
-0.706202
-0.707105
-0.708002
-0.708894
-0.709780
-0.710660
-0.711534
-0.712402
-0.713265
-0.714122
-0.714973
-0.715818
-0.716657
-0.717490
-0.718318
-0.719139
-0.719955
-0.720765
-0.721568
-0.722366
-0.723158
-0.723944
-0.724724
-0.725498
-0.726266
-0.727028
-0.727784
-0.728534
-0.729278
-0.730016
-0.730748
-0.731474
-0.732194
-0.732908
-0.733616
-0.734318
-0.735013
-0.735703
-0.736386
-0.737063
-0.737734
-0.738400
-0.739059
-0.739711
-0.740358
-0.740999
-0.741633
-0.742261
-0.742883
-0.743499
-0.744109
-0.744712
-0.745310
-0.745901
-0.746486
-0.747064
-0.747637
-0.748203
-0.748763
-0.749317
-0.749865
-0.750406
-0.750941
-0.751470
-0.751993
-0.752510
-0.753020
-0.753524
-0.754021
-0.754513
-0.754998
-0.755477
-0.755949
-0.756416
-0.756876
-0.757329
-0.757777
-0.758218
-0.758653
-0.759082
-0.759504
-0.759920
-0.760330
-0.760733
-0.761130
-0.761521
-0.761906
-0.762284
-0.762656
-0.763021
-0.763381
-0.763734
-0.764080
-0.764421
-0.764755
-0.765082
-0.765404
-0.765719
-0.766028
-0.766330
-0.766627
-0.766917
-0.767200
-0.767478
-0.767749
-0.768013
-0.768272
-0.768524
-0.768770
-0.769009
-0.769242
-0.769469
-0.769690
-0.769904
-0.770112
-0.770314
-0.770510
-0.770699
-0.770882
-0.771059
-0.771229
-0.771393
-0.771551
-0.771703
-0.771848
-0.771987
-0.772120
-0.772247
-0.772367
-0.772481
-0.772589
-0.772691
-0.772786
-0.772875
-0.772958
-0.773035
-0.773106
-0.773170
-0.773228
-0.773280
-0.773326
-0.773366
-0.773399
-0.773426
-0.773448
-0.773463
-0.773471
-0.773474
-0.773471
-0.773461
-0.773445
-0.773423
-0.773395
-0.773361
-0.773321
-0.773275
-0.773222
-0.773164
-0.773099
-0.773029
-0.772952
-0.772869
-0.772781
-0.772686
-0.772585
-0.772478
-0.772365
-0.772247
-0.772122
-0.771991
-0.771854
-0.771711
-0.771562
-0.771408
-0.771247
-0.771080
-0.770908
-0.770729
-0.770545
-0.770355
-0.770159
-0.769957
-0.769749
-0.769535
-0.769315
-0.769090
-0.768858
-0.768621
-0.768378
-0.768129
-0.767875
-0.767614
-0.767348
-0.767076
-0.766799
-0.766515
-0.766226
-0.765931
-0.765631
-0.765324
-0.765012
-0.764695
-0.764371
-0.764042
-0.763708
-0.763367
-0.763021
-0.762670
-0.762313
-0.761950
-0.761581
-0.761208
-0.760828
-0.760443
-0.760052
-0.759656
-0.759255
-0.758848
-0.758435
-0.758017
-0.757594
-0.757165
-0.756730
-0.756290
-0.755845
-0.755394
-0.754938
-0.754477
-0.754010
-0.753538
-0.753060
-0.752577
-0.752089
-0.751596
-0.751097
-0.750593
-0.750084
-0.749569
-0.749049
-0.748524
-0.747994
-0.747459
-0.746918
-0.746372
-0.745821
-0.745265
-0.744704
-0.744138
-0.743566
-0.742990
-0.742408
-0.741821
-0.741230
-0.740633
-0.740031
-0.739424
-0.738812
-0.738196
-0.737574
-0.736947
-0.736315
-0.735679
-0.735037
-0.734391
-0.733739
-0.733083
-0.732422
-0.731756
-0.731086
-0.730410
-0.729730
-0.729044
-0.728355
-0.727660
-0.726960
-0.726256
-0.725547
-0.724834
-0.724116
-0.723393
-0.722665
-0.721933
-0.721196
-0.720454
-0.719708
-0.718958
-0.718202
-0.717443
-0.716678
-0.715909
-0.715136
-0.714358
-0.713576
-0.712789
-0.711997
-0.711202
-0.710401
-0.709597
-0.708788
-0.707974
-0.707157
-0.706335
-0.705508
-0.704677
-0.703842
-0.703003
-0.702159
-0.701311
-0.700459
-0.699603
-0.698742
-0.697877
-0.697008
-0.696135
-0.695258
-0.694376
-0.693490
-0.692601
-0.691707
-0.690809
-0.689907
-0.689001
-0.688090
-0.687176
-0.686258
-0.685336
-0.684410
-0.683480
-0.682545
-0.681607
-0.680665
-0.679720
-0.678770
-0.677816
-0.676859
-0.675897
-0.674932
-0.673963
-0.672990
-0.672014
-0.671033
-0.670049
-0.669061
-0.668069
-0.667074
-0.666075
-0.665072
-0.664066
-0.663056
-0.662042
-0.661025
-0.660004
-0.658979
-0.657951
-0.656919
-0.655884
-0.654845
-0.653803
-0.652757
-0.651707
-0.650654
-0.649598
-0.648538
-0.647475
-0.646408
-0.645338
-0.644265
-0.643188
-0.642108
-0.641024
-0.639937
-0.638847
-0.637753
-0.636656
-0.635556
-0.634453
-0.633346
-0.632236
-0.631123
-0.630007
-0.628887
-0.627764
-0.626638
-0.625509
-0.624377
-0.623242
-0.622103
-0.620962
-0.619817
-0.618670
-0.617519
-0.616365
-0.615208
-0.614048
-0.612885
-0.611720
-0.610551
-0.609379
-0.608204
-0.607027
-0.605846
-0.604663
-0.603476
-0.602287
-0.601095
-0.599900
-0.598702
-0.597501
-0.596298
-0.595092
-0.593883
-0.592671
-0.591456
-0.590239
-0.589019
-0.587796
-0.586571
-0.585343
-0.584112
-0.582879
-0.581643
-0.580404
-0.579162
-0.577919
-0.576672
-0.575423
-0.574171
-0.572917
-0.571660
-0.570401
-0.569139
-0.567874
-0.566608
-0.565338
-0.564066
-0.562792
-0.561515
-0.560236
-0.558955
-0.557671
-0.556384
-0.555096
-0.553805
-0.552511
-0.551215
-0.549917
-0.548617
-0.547314
-0.546009
-0.544702
-0.543392
-0.542080
-0.540766
-0.539450
-0.538132
-0.536811
-0.535488
-0.534163
-0.532836
-0.531506
-0.530175
-0.528841
-0.527505
-0.526168
-0.524828
-0.523485
-0.522141
-0.520795
-0.519447
-0.518097
-0.516744
-0.515390
-0.514034
-0.512675
-0.511315
-0.509953
-0.508589
-0.507223
-0.505854
-0.504484
-0.503113
-0.501739
-0.500363
-0.498986
-0.497606
-0.496225
-0.494842
-0.493457
-0.492070
-0.490682
-0.489291
-0.487899
-0.486505
-0.485109
-0.483712
-0.482313
-0.480912
-0.479509
-0.478105
-0.476699
-0.475291
-0.473882
-0.472471
-0.471058
-0.469644
-0.468228
-0.466811
-0.465391
-0.463971
-0.462548
-0.461124
-0.459699
-0.458272
-0.456843
-0.455413
-0.453981
-0.452548
-0.451113
-0.449677
-0.448239
-0.446800
-0.445360
-0.443918
-0.442474
-0.441029
-0.439583
-0.438135
-0.436686
-0.435235
-0.433783
-0.432330
-0.430875
-0.429419
-0.427962
-0.426503
-0.425043
-0.423582
-0.422119
-0.420655
-0.419190
-0.417723
-0.416255
-0.414786
-0.413316
-0.411845
-0.410372
-0.408898
-0.407423
-0.405946
-0.404469
-0.402990
-0.401510
-0.400029
-0.398547
-0.397063
-0.395579
-0.394093
-0.392606
-0.391118
-0.389629
-0.388139
-0.386648
-0.385156
-0.383663
-0.382168
-0.380673
-0.379176
-0.377679
-0.376181
-0.374681
-0.373181
-0.371679
-0.370177
-0.368673
-0.367169
-0.365664
-0.364157
-0.362650
-0.361142
-0.359633
-0.358123
-0.356612
-0.355100
-0.353587
-0.352074
-0.350559
-0.349044
-0.347528
-0.346011
-0.344493
-0.342974
-0.341455
-0.339935
-0.338414
-0.336892
-0.335369
-0.333845
-0.332321
-0.330796
-0.329270
-0.327744
-0.326217
-0.324689
-0.323160
-0.321630
-0.320100
-0.318569
-0.317038
-0.315506
-0.313973
-0.312439
-0.310905
-0.309370
-0.307834
-0.306298
-0.304761
-0.303224
-0.301686
-0.300147
-0.298608
-0.297068
-0.295527
-0.293986
-0.292445
-0.290903
-0.289360
-0.287817
-0.286273
-0.284728
-0.283184
-0.281638
-0.280092
-0.278546
-0.276999
-0.275451
-0.273903
-0.272355
-0.270806
-0.269257
-0.267707
-0.266157
-0.264606
-0.263055
-0.261503
-0.259951
-0.258399
-0.256846
-0.255293
-0.253739
-0.252185
-0.250631
-0.249076
-0.247521
-0.245966
-0.244410
-0.242854
-0.241297
-0.239740
-0.238183
-0.236626
-0.235068
-0.233510
-0.231952
-0.230393
-0.228834
-0.227275
-0.225715
-0.224155
-0.222595
-0.221035
-0.219474
-0.217913
-0.216352
-0.214791
-0.213229
-0.211668
-0.210106
-0.208544
-0.206981
-0.205419
-0.203856
-0.202293
-0.200730
-0.199167
-0.197603
-0.196040
-0.194476
-0.192912
-0.191348
-0.189784
-0.188220
-0.186655
-0.185091
-0.183526
-0.181962
-0.180397
-0.178832
-0.177267
-0.175702
-0.174137
-0.172572
-0.171006
-0.169441
-0.167876
-0.166310
-0.164745
-0.163180
-0.161614
-0.160049
-0.158483
-0.156918
-0.155352
-0.153786
-0.152221
-0.150655
-0.149090
-0.147525
-0.145959
-0.144394
-0.142828
-0.141263
-0.139698
-0.138133
-0.136567
-0.135002
-0.133437
-0.131873
-0.130308
-0.128743
-0.127178
-0.125614
-0.124049
-0.122485
-0.120921
-0.119357
-0.117793
-0.116229
-0.114665
-0.113102
-0.111538
-0.109975
-0.108412
-0.106849
-0.105287
-0.103724
-0.102162
-0.100599
-0.099037
-0.097476
-0.095914
-0.094353
-0.092791
-0.091230
-0.089670
-0.088109
-0.086549
-0.084989
-0.083429
-0.081869
-0.080310
-0.078751
